x y
-1.00000 0.00000
-0.99982 -0.01581
-0.99929 -0.03161
-0.99839 -0.04739
-0.99715 -0.06315
-0.99554 -0.07888
-0.99358 -0.09457
-0.99127 -0.11021
-0.98860 -0.12579
-0.98559 -0.14131
-0.98222 -0.15676
-0.97851 -0.17212
-0.97445 -0.18740
-0.97004 -0.20259
-0.96530 -0.21767
-0.96021 -0.23264
-0.95479 -0.24749
-0.94903 -0.26221
-0.94295 -0.27680
-0.93653 -0.29125
-0.92979 -0.30555
-0.92273 -0.31970
-0.91535 -0.33368
-0.90766 -0.34749
-0.89966 -0.36113
-0.89135 -0.37458
-0.88274 -0.38784
-0.87383 -0.40090
-0.86463 -0.41375
-0.85514 -0.42640
-0.84537 -0.43883
-0.83532 -0.45103
-0.82500 -0.46301
-0.81441 -0.47475
-0.80356 -0.48624
-0.79245 -0.49749
-0.78109 -0.50848
-0.76948 -0.51922
-0.75764 -0.52969
-0.74556 -0.53989
-0.73325 -0.54981
-0.72072 -0.55946
-0.70798 -0.56882
-0.69503 -0.57788
-0.68188 -0.58666
-0.66853 -0.59513
-0.65500 -0.60330
-0.64128 -0.61117
-0.62739 -0.61872
-0.61334 -0.62595
-0.59912 -0.63287
-0.58475 -0.63947
-0.57024 -0.64573
-0.55559 -0.65167
-0.54080 -0.65728
-0.52590 -0.66255
-0.51088 -0.66748
-0.49575 -0.67207
-0.48052 -0.67632
-0.46520 -0.68023
-0.44980 -0.68378
-0.43432 -0.68699
-0.41877 -0.68985
-0.40316 -0.69236
-0.38750 -0.69451
-0.37179 -0.69631
-0.35605 -0.69775
-0.34028 -0.69884
-0.32448 -0.69957
-0.30868 -0.69995
-0.29287 -0.69996
-0.27706 -0.69962
-0.26127 -0.69893
-0.24550 -0.69787
-0.22975 -0.69647
-0.21404 -0.69470
-0.19837 -0.69258
-0.18276 -0.69011
-0.16720 -0.68729
-0.15171 -0.68411
-0.13630 -0.68059
-0.12097 -0.67672
-0.10574 -0.67250
-0.09060 -0.66795
-0.07557 -0.66305
-0.06065 -0.65781
-0.04586 -0.65224
-0.03119 -0.64633
-0.01666 -0.64009
-0.00228 -0.63353
0.01195 -0.62665
0.02602 -0.61944
0.03993 -0.61192
0.05366 -0.60409
0.06722 -0.59595
0.08058 -0.58750
0.09375 -0.57876
0.10672 -0.56972
0.11948 -0.56039
0.13203 -0.55077
0.14436 -0.54087
0.15646 -0.53070
0.16833 -0.52026
0.17996 -0.50955
0.19135 -0.49858
0.20248 -0.48735
0.21336 -0.47588
0.22397 -0.46417
0.23432 -0.45222
0.24440 -0.44003
0.25420 -0.42763
0.26371 -0.41500
0.27294 -0.40217
0.28188 -0.38912
0.29052 -0.37588
0.29886 -0.36245
0.30689 -0.34884
0.31461 -0.33504
0.32202 -0.32108
0.32911 -0.30695
