x y
0.50000 -0.86603
0.50583 -0.86257
0.51158 -0.85899
0.51725 -0.85527
0.52283 -0.85143
0.52832 -0.84747
0.53372 -0.84338
0.53903 -0.83917
0.54425 -0.83484
0.54936 -0.83040
0.55437 -0.82584
0.55928 -0.82116
0.56408 -0.81638
0.56877 -0.81150
0.57335 -0.80650
0.57782 -0.80141
0.58217 -0.79621
0.58640 -0.79092
0.59051 -0.78553
0.59450 -0.78006
0.59836 -0.77449
0.60210 -0.76884
0.60571 -0.76311
0.60919 -0.75729
0.61253 -0.75140
0.61574 -0.74543
0.61882 -0.73940
0.62176 -0.73329
0.62456 -0.72712
0.62722 -0.72089
0.62974 -0.71460
0.63211 -0.70825
0.63435 -0.70186
0.63643 -0.69541
0.63838 -0.68892
0.64017 -0.68239
0.64182 -0.67581
0.64331 -0.66921
0.64466 -0.66257
0.64586 -0.65590
0.64690 -0.64920
0.64780 -0.64249
0.64854 -0.63575
0.64913 -0.62900
0.64957 -0.62224
0.64986 -0.61547
0.64999 -0.60870
0.64997 -0.60192
0.64980 -0.59515
0.64947 -0.58838
0.64899 -0.58162
0.64836 -0.57488
0.64757 -0.56815
0.64664 -0.56144
0.64555 -0.55475
0.64431 -0.54809
0.64293 -0.54146
0.64139 -0.53486
0.63970 -0.52829
0.63787 -0.52177
0.63589 -0.51529
0.63376 -0.50886
0.63149 -0.50247
0.62908 -0.49614
0.62652 -0.48987
0.62382 -0.48365
0.62098 -0.47750
0.61801 -0.47142
0.61490 -0.46540
0.61165 -0.45945
0.60827 -0.45358
0.60475 -0.44779
0.60111 -0.44207
0.59734 -0.43644
0.59344 -0.43090
0.58942 -0.42545
0.58528 -0.42009
0.58101 -0.41482
0.57663 -0.40965
0.57214 -0.40458
0.56753 -0.39962
0.56280 -0.39476
0.55797 -0.39001
0.55304 -0.38537
0.54800 -0.38084
0.54286 -0.37642
0.53762 -0.37213
0.53229 -0.36795
0.52686 -0.36389
0.52134 -0.35996
0.51574 -0.35615
0.51005 -0.35248
0.50427 -0.34893
0.49842 -0.34551
0.49250 -0.34222
0.48650 -0.33907
0.48043 -0.33606
0.47430 -0.33318
0.46810 -0.33044
0.46184 -0.32785
0.45553 -0.32539
0.44916 -0.32308
0.44274 -0.32091
0.43627 -0.31889
0.42976 -0.31702
0.42321 -0.31529
0.41662 -0.31371
0.41000 -0.31228
0.40334 -0.31100
0.39666 -0.30987
0.38996 -0.30889
0.38323 -0.30806
0.37649 -0.30739
0.36974 -0.30687
0.36297 -0.30650
0.35620 -0.30628
0.34942 -0.30622
0.34265 -0.30631
0.33588 -0.30655
0.32911 -0.30695
