x y
0.40000 0.00000
0.39976 0.01832
0.39904 0.03664
0.39784 0.05492
0.39617 0.07317
0.39401 0.09137
0.39138 0.10950
0.38828 0.12756
0.38470 0.14554
0.38066 0.16341
0.37615 0.18117
0.37117 0.19881
0.36574 0.21631
0.35985 0.23366
0.35351 0.25086
0.34672 0.26788
0.33948 0.28472
0.33181 0.30136
0.32370 0.31779
0.31517 0.33401
0.30622 0.35000
0.29685 0.36575
0.28707 0.38125
0.27689 0.39648
0.26631 0.41145
0.25535 0.42613
0.24400 0.44052
0.23228 0.45461
0.22020 0.46839
0.20776 0.48185
0.19497 0.49497
0.18185 0.50776
0.16839 0.52020
0.15461 0.53228
0.14052 0.54400
0.12613 0.55535
0.11145 0.56631
0.09648 0.57689
0.08125 0.58707
0.06575 0.59685
0.05000 0.60622
0.03401 0.61517
0.01779 0.62370
0.00136 0.63181
-0.01528 0.63948
-0.03212 0.64672
-0.04914 0.65351
-0.06634 0.65985
-0.08369 0.66574
-0.10119 0.67117
-0.11883 0.67615
-0.13659 0.68066
-0.15446 0.68470
-0.17244 0.68828
-0.19050 0.69138
-0.20863 0.69401
-0.22683 0.69617
-0.24508 0.69784
-0.26336 0.69904
-0.28168 0.69976
-0.30000 0.70000
-0.31832 0.69976
-0.33664 0.69904
-0.35492 0.69784
-0.37317 0.69617
-0.39137 0.69401
-0.40950 0.69138
-0.42756 0.68828
-0.44554 0.68470
-0.46341 0.68066
-0.48117 0.67615
-0.49881 0.67117
-0.51631 0.66574
-0.53366 0.65985
-0.55086 0.65351
-0.56788 0.64672
-0.58472 0.63948
-0.60136 0.63181
-0.61779 0.62370
-0.63401 0.61517
-0.65000 0.60622
-0.66575 0.59685
-0.68125 0.58707
-0.69648 0.57689
-0.71145 0.56631
-0.72613 0.55535
-0.74052 0.54400
-0.75461 0.53228
-0.76839 0.52020
-0.78185 0.50776
-0.79497 0.49497
-0.80776 0.48185
-0.82020 0.46839
-0.83228 0.45461
-0.84400 0.44052
-0.85535 0.42613
-0.86631 0.41145
-0.87689 0.39648
-0.88707 0.38125
-0.89685 0.36575
-0.90622 0.35000
-0.91517 0.33401
-0.92370 0.31779
-0.93181 0.30136
-0.93948 0.28472
-0.94672 0.26788
-0.95351 0.25086
-0.95985 0.23366
-0.96574 0.21631
-0.97117 0.19881
-0.97615 0.18117
-0.98066 0.16341
-0.98470 0.14554
-0.98828 0.12756
-0.99138 0.10950
-0.99401 0.09137
-0.99617 0.07317
-0.99784 0.05492
-0.99904 0.03664
-0.99976 0.01832
-1.00000 0.00000
-0.99976 -0.01832
-0.99904 -0.03664
-0.99784 -0.05492
-0.99617 -0.07317
-0.99401 -0.09137
-0.99138 -0.10950
-0.98828 -0.12756
-0.98470 -0.14554
-0.98066 -0.16341
-0.97615 -0.18117
-0.97117 -0.19881
-0.96574 -0.21631
-0.95985 -0.23366
-0.95351 -0.25086
-0.94672 -0.26788
-0.93948 -0.28472
-0.93181 -0.30136
-0.92370 -0.31779
-0.91517 -0.33401
-0.90622 -0.35000
-0.89685 -0.36575
-0.88707 -0.38125
-0.87689 -0.39648
-0.86631 -0.41145
-0.85535 -0.42613
-0.84400 -0.44052
-0.83228 -0.45461
-0.82020 -0.46839
-0.80776 -0.48185
-0.79497 -0.49497
-0.78185 -0.50776
-0.76839 -0.52020
-0.75461 -0.53228
-0.74052 -0.54400
-0.72613 -0.55535
-0.71145 -0.56631
-0.69648 -0.57689
-0.68125 -0.58707
-0.66575 -0.59685
-0.65000 -0.60622
-0.63401 -0.61517
-0.61779 -0.62370
-0.60136 -0.63181
-0.58472 -0.63948
-0.56788 -0.64672
-0.55086 -0.65351
-0.53366 -0.65985
-0.51631 -0.66574
-0.49881 -0.67117
-0.48117 -0.67615
-0.46341 -0.68066
-0.44554 -0.68470
-0.42756 -0.68828
-0.40950 -0.69138
-0.39137 -0.69401
-0.37317 -0.69617
-0.35492 -0.69784
-0.33664 -0.69904
-0.31832 -0.69976
-0.30000 -0.70000
-0.28168 -0.69976
-0.26336 -0.69904
-0.24508 -0.69784
-0.22683 -0.69617
-0.20863 -0.69401
-0.19050 -0.69138
-0.17244 -0.68828
-0.15446 -0.68470
-0.13659 -0.68066
-0.11883 -0.67615
-0.10119 -0.67117
-0.08369 -0.66574
-0.06634 -0.65985
-0.04914 -0.65351
-0.03212 -0.64672
-0.01528 -0.63948
0.00136 -0.63181
0.01779 -0.62370
0.03401 -0.61517
0.05000 -0.60622
0.06575 -0.59685
0.08125 -0.58707
0.09648 -0.57689
0.11145 -0.56631
0.12613 -0.55535
0.14052 -0.54400
0.15461 -0.53228
0.16839 -0.52020
0.18185 -0.50776
0.19497 -0.49497
0.20776 -0.48185
0.22020 -0.46839
0.23228 -0.45461
0.24400 -0.44052
0.25535 -0.42613
0.26631 -0.41145
0.27689 -0.39648
0.28707 -0.38125
0.29685 -0.36575
0.30622 -0.35000
0.31517 -0.33401
0.32370 -0.31779
0.33181 -0.30136
0.33948 -0.28472
0.34672 -0.26788
0.35351 -0.25086
0.35985 -0.23366
0.36574 -0.21631
0.37117 -0.19881
0.37615 -0.18117
0.38066 -0.16341
0.38470 -0.14554
0.38828 -0.12756
0.39138 -0.10950
0.39401 -0.09137
0.39617 -0.07317
0.39784 -0.05492
0.39904 -0.03664
0.39976 -0.01832
0.40000 -0.00000
