x y
0.50000 -0.86603
0.51360 -0.85797
0.52702 -0.84960
0.54024 -0.84094
0.55327 -0.83198
0.56608 -0.82272
0.57869 -0.81318
0.59108 -0.80336
0.60324 -0.79326
0.61517 -0.78289
0.62687 -0.77225
0.63832 -0.76135
0.64952 -0.75019
0.66047 -0.73879
0.67115 -0.72714
0.68158 -0.71525
0.69173 -0.70313
0.70160 -0.69078
0.71119 -0.67821
0.72050 -0.66543
0.72951 -0.65245
0.73823 -0.63926
0.74665 -0.62588
0.75477 -0.61231
0.76257 -0.59856
0.77007 -0.58464
0.77724 -0.57056
0.78410 -0.55631
0.79064 -0.54192
0.79684 -0.52738
0.80272 -0.51270
0.80827 -0.49789
0.81348 -0.48297
0.81835 -0.46793
0.82288 -0.45278
0.82706 -0.43753
0.83090 -0.42220
0.83440 -0.40678
0.83754 -0.39129
0.84034 -0.37573
0.84278 -0.36011
0.84487 -0.34444
0.84660 -0.32872
0.84798 -0.31297
0.84900 -0.29720
0.84967 -0.28140
0.84998 -0.26559
0.84993 -0.24978
0.84952 -0.23398
0.84876 -0.21819
0.84764 -0.20242
0.84617 -0.18668
0.84434 -0.17098
0.84216 -0.15532
0.83962 -0.13971
0.83673 -0.12417
0.83349 -0.10869
0.82991 -0.09330
0.82597 -0.07799
0.82170 -0.06277
0.81707 -0.04765
0.81211 -0.03264
0.80681 -0.01774
0.80118 -0.00297
0.79521 0.01167
0.78892 0.02617
0.78230 0.04053
0.77535 0.05473
0.76809 0.06877
0.76051 0.08265
0.75262 0.09635
0.74442 0.10987
0.73592 0.12320
0.72712 0.13633
0.71803 0.14926
0.70865 0.16199
0.69898 0.17450
0.68903 0.18678
0.67881 0.19884
0.66832 0.21067
0.65756 0.22225
0.64654 0.23359
0.63527 0.24468
0.62376 0.25551
0.61200 0.26608
0.60000 0.27638
0.58778 0.28641
0.57533 0.29615
0.56267 0.30562
0.54979 0.31479
0.53672 0.32367
0.52344 0.33226
0.50997 0.34054
0.49632 0.34852
0.48250 0.35618
0.46850 0.36354
0.45434 0.37057
0.44003 0.37728
0.42557 0.38367
0.41097 0.38973
0.39623 0.39546
0.38137 0.40085
0.36639 0.40591
0.35130 0.41062
0.33611 0.41500
0.32082 0.41903
0.30545 0.42271
0.28999 0.42605
0.27447 0.42904
0.25888 0.43167
0.24324 0.43396
0.22755 0.43588
0.21181 0.43746
0.19605 0.43868
0.18027 0.43954
0.16446 0.44004
0.14866 0.44019
0.13285 0.43998
0.11705 0.43942
0.10127 0.43849
nan nan
0.50000 0.86603
0.49409 0.86935
0.48812 0.87253
0.48207 0.87558
0.47595 0.87850
0.46977 0.88127
0.46353 0.88391
0.45723 0.88640
0.45087 0.88875
0.44446 0.89096
0.43801 0.89302
0.43151 0.89493
0.42497 0.89670
0.41839 0.89832
0.41178 0.89979
0.40513 0.90111
0.39846 0.90228
0.39176 0.90330
0.38504 0.90416
0.37830 0.90488
0.37155 0.90544
0.36479 0.90585
0.35801 0.90611
0.35124 0.90622
0.34446 0.90617
0.33769 0.90597
0.33093 0.90561
0.32417 0.90510
0.31743 0.90444
0.31070 0.90363
0.30399 0.90267
0.29731 0.90155
0.29065 0.90029
0.28403 0.89887
0.27743 0.89731
0.27088 0.89560
0.26436 0.89374
0.25789 0.89173
0.25147 0.88958
0.24509 0.88728
0.23877 0.88484
0.23251 0.88225
0.22631 0.87953
0.22017 0.87667
0.21409 0.87367
0.20809 0.87053
0.20215 0.86726
0.19630 0.86385
0.19052 0.86031
0.18482 0.85665
0.17920 0.85285
0.17368 0.84893
0.16824 0.84489
0.16290 0.84072
0.15765 0.83644
0.15250 0.83204
0.14745 0.82752
0.14250 0.82289
0.13766 0.81815
0.13293 0.81330
0.12831 0.80834
0.12380 0.80328
0.11941 0.79813
0.11514 0.79287
0.11098 0.78752
0.10695 0.78207
0.10304 0.77654
0.09925 0.77092
0.09560 0.76521
0.09207 0.75943
0.08868 0.75356
0.08542 0.74762
0.08229 0.74161
0.07930 0.73553
0.07645 0.72939
0.07374 0.72318
0.07117 0.71691
0.06874 0.71058
0.06645 0.70420
0.06431 0.69778
0.06232 0.69130
0.06047 0.68478
0.05877 0.67822
0.05722 0.67163
0.05582 0.66500
0.05456 0.65834
0.05346 0.65166
0.05251 0.64495
0.05171 0.63822
0.05107 0.63147
0.05057 0.62472
0.05023 0.61795
0.05004 0.61118
0.05001 0.60440
0.05012 0.59763
0.05039 0.59086
0.05082 0.58409
0.05139 0.57734
0.05212 0.57061
0.05300 0.56389
0.05403 0.55719
0.05522 0.55052
0.05655 0.54388
0.05803 0.53727
0.05966 0.53069
0.06144 0.52415
0.06337 0.51766
0.06544 0.51121
0.06766 0.50481
0.07002 0.49845
0.07253 0.49216
0.07517 0.48592
0.07796 0.47975
0.08089 0.47364
0.08395 0.46759
0.08715 0.46162
0.09048 0.45572
0.09395 0.44990
0.09754 0.44415
0.10127 0.43849
nan nan
0.50000 0.86603
0.48622 0.87378
0.47227 0.88121
0.45815 0.88833
0.44388 0.89513
0.42946 0.90160
0.41489 0.90775
0.40019 0.91357
0.38536 0.91905
0.37042 0.92420
0.35536 0.92901
0.34019 0.93348
0.32493 0.93760
0.30958 0.94138
0.29414 0.94481
0.27864 0.94789
0.26306 0.95062
0.24743 0.95299
0.23176 0.95502
0.21603 0.95669
0.20028 0.95800
0.18450 0.95896
0.16870 0.95956
0.15289 0.95980
0.13708 0.95969
0.12128 0.95922
0.10549 0.95839
0.08973 0.95721
0.07399 0.95567
0.05830 0.95378
0.04265 0.95153
0.02706 0.94893
0.01152 0.94597
-0.00394 0.94267
-0.01932 0.93902
-0.03461 0.93502
-0.04982 0.93068
-0.06492 0.92600
-0.07991 0.92098
-0.09478 0.91561
-0.10953 0.90992
-0.12414 0.90389
-0.13862 0.89754
-0.15295 0.89086
-0.16712 0.88385
-0.18113 0.87653
-0.19498 0.86890
-0.20864 0.86095
-0.22213 0.85270
-0.23542 0.84414
-0.24852 0.83529
-0.26142 0.82614
-0.27410 0.81671
-0.28657 0.80699
-0.29882 0.79699
-0.31083 0.78672
-0.32261 0.77617
-0.33416 0.76537
-0.34545 0.75431
-0.35649 0.74299
-0.36727 0.73143
-0.37779 0.71963
-0.38804 0.70759
-0.39802 0.69533
-0.40771 0.68284
-0.41712 0.67014
-0.42625 0.65722
-0.43508 0.64411
-0.44360 0.63080
-0.45183 0.61730
-0.45975 0.60361
-0.46736 0.58976
-0.47465 0.57573
-0.48163 0.56154
-0.48828 0.54720
-0.49461 0.53271
-0.50061 0.51809
-0.50628 0.50333
-0.51161 0.48844
-0.51660 0.47344
-0.52126 0.45834
-0.52557 0.44313
-0.52954 0.42782
-0.53316 0.41243
-0.53643 0.39697
-0.53935 0.38143
-0.54192 0.36583
-0.54414 0.35018
-0.54601 0.33448
-0.54751 0.31874
-0.54867 0.30297
-0.54946 0.28718
-0.54990 0.27138
-0.54999 0.25557
-0.54971 0.23976
-0.54908 0.22397
-0.54809 0.20819
-0.54675 0.19244
-0.54505 0.17672
-0.54300 0.16104
-0.54059 0.14542
-0.53783 0.12985
-0.53472 0.11435
-0.53126 0.09892
-0.52745 0.08358
-0.52330 0.06832
-0.51880 0.05317
-0.51397 0.03812
-0.50879 0.02318
-0.50328 0.00836
-0.49743 -0.00633
-0.49126 -0.02088
-0.48476 -0.03529
-0.47793 -0.04955
-0.47078 -0.06365
-0.46332 -0.07759
-0.45554 -0.09136
-0.44746 -0.10494
-0.43907 -0.11834
-0.43038 -0.13155
nan nan
-1.00000 0.00000
-0.99992 -0.00678
-0.99969 -0.01355
-0.99931 -0.02031
-0.99878 -0.02707
-0.99809 -0.03381
-0.99725 -0.04053
-0.99626 -0.04723
-0.99512 -0.05391
-0.99382 -0.06056
-0.99238 -0.06718
-0.99079 -0.07377
-0.98905 -0.08032
-0.98716 -0.08682
-0.98513 -0.09329
-0.98295 -0.09970
-0.98062 -0.10607
-0.97816 -0.11238
-0.97555 -0.11863
-0.97280 -0.12482
-0.96991 -0.13095
-0.96688 -0.13701
-0.96372 -0.14301
-0.96043 -0.14892
-0.95700 -0.15477
-0.95343 -0.16053
-0.94974 -0.16622
-0.94593 -0.17181
-0.94198 -0.17732
-0.93792 -0.18274
-0.93373 -0.18807
-0.92942 -0.19330
-0.92500 -0.19843
-0.92046 -0.20346
-0.91581 -0.20839
-0.91105 -0.21321
-0.90618 -0.21792
-0.90121 -0.22252
-0.89613 -0.22701
-0.89095 -0.23138
-0.88568 -0.23563
-0.88031 -0.23977
-0.87485 -0.24378
-0.86930 -0.24766
-0.86366 -0.25143
-0.85794 -0.25506
-0.85214 -0.25856
-0.84626 -0.26193
-0.84031 -0.26517
-0.83429 -0.26827
-0.82820 -0.27123
-0.82204 -0.27406
-0.81582 -0.27674
-0.80954 -0.27929
-0.80320 -0.28169
-0.79681 -0.28395
-0.79038 -0.28606
-0.78389 -0.28803
-0.77737 -0.28985
-0.77080 -0.29153
-0.76420 -0.29305
-0.75757 -0.29443
-0.75090 -0.29565
-0.74421 -0.29672
-0.73750 -0.29765
-0.73077 -0.29842
-0.72402 -0.29904
-0.71726 -0.29950
-0.71049 -0.29982
-0.70372 -0.29998
-0.69694 -0.29998
-0.69017 -0.29984
-0.68340 -0.29954
-0.67664 -0.29909
-0.66989 -0.29849
-0.66316 -0.29773
-0.65644 -0.29682
-0.64975 -0.29576
-0.64309 -0.29455
-0.63645 -0.29319
-0.62984 -0.29168
-0.62327 -0.29002
-0.61674 -0.28822
-0.61026 -0.28626
-0.60381 -0.28416
-0.59742 -0.28192
-0.59108 -0.27953
-0.58480 -0.27700
-0.57857 -0.27433
-0.57241 -0.27151
-0.56631 -0.26856
-0.56028 -0.26548
-0.55432 -0.26225
-0.54843 -0.25889
-0.54262 -0.25541
-0.53689 -0.25179
-0.53125 -0.24804
-0.52569 -0.24416
-0.52022 -0.24017
-0.51484 -0.23604
-0.50956 -0.23180
-0.50437 -0.22744
-0.49929 -0.22297
-0.49430 -0.21838
-0.48942 -0.21368
-0.48465 -0.20887
-0.47999 -0.20395
-0.47544 -0.19893
-0.47100 -0.19381
-0.46669 -0.18859
-0.46249 -0.18327
-0.45841 -0.17786
-0.45445 -0.17236
-0.45062 -0.16677
-0.44692 -0.16109
-0.44335 -0.15534
-0.43990 -0.14950
-0.43659 -0.14359
-0.43342 -0.13760
-0.43038 -0.13155
