x y
0.65000 -0.60622
0.64990 -0.59836
0.64959 -0.59052
0.64908 -0.58268
0.64836 -0.57486
0.64743 -0.56706
0.64631 -0.55929
0.64498 -0.55155
0.64344 -0.54384
0.64171 -0.53618
0.63978 -0.52857
0.63765 -0.52101
0.63532 -0.51351
0.63279 -0.50608
0.63007 -0.49871
0.62716 -0.49141
0.62406 -0.48420
0.62078 -0.47706
0.61730 -0.47002
0.61365 -0.46307
0.60981 -0.45622
0.60579 -0.44947
0.60160 -0.44283
0.59724 -0.43630
0.59271 -0.42988
0.58801 -0.42359
0.58314 -0.41742
0.57812 -0.41138
0.57294 -0.40548
0.56761 -0.39971
0.56213 -0.39409
0.55651 -0.38861
0.55074 -0.38327
0.54483 -0.37810
0.53880 -0.37307
0.53263 -0.36821
0.52634 -0.36351
0.51992 -0.35898
0.51339 -0.35462
0.50675 -0.35043
0.50000 -0.34641
0.49315 -0.34257
0.48620 -0.33892
0.47915 -0.33544
0.47202 -0.33215
0.46481 -0.32905
0.45751 -0.32614
0.45014 -0.32343
0.44271 -0.32090
0.43520 -0.31857
0.42765 -0.31644
0.42003 -0.31451
0.41237 -0.31277
0.40467 -0.31124
0.39693 -0.30991
0.38916 -0.30878
0.38136 -0.30786
0.37354 -0.30714
0.36570 -0.30663
0.35785 -0.30632
0.35000 -0.30622
0.34215 -0.30632
0.33430 -0.30663
0.32646 -0.30714
0.31864 -0.30786
0.31084 -0.30878
0.30307 -0.30991
0.29533 -0.31124
0.28763 -0.31277
0.27997 -0.31451
0.27235 -0.31644
0.26480 -0.31857
0.25729 -0.32090
0.24986 -0.32343
0.24249 -0.32614
0.23519 -0.32905
0.22798 -0.33215
0.22085 -0.33544
0.21380 -0.33892
0.20685 -0.34257
0.20000 -0.34641
0.19325 -0.35043
0.18661 -0.35462
0.18008 -0.35898
0.17366 -0.36351
0.16737 -0.36821
0.16120 -0.37307
0.15517 -0.37810
0.14926 -0.38327
0.14349 -0.38861
0.13787 -0.39409
0.13239 -0.39971
0.12706 -0.40548
0.12188 -0.41138
0.11686 -0.41742
0.11199 -0.42359
0.10729 -0.42988
0.10276 -0.43630
0.09840 -0.44283
0.09421 -0.44947
0.09019 -0.45622
0.08635 -0.46307
0.08270 -0.47002
0.07922 -0.47706
0.07594 -0.48420
0.07284 -0.49141
0.06993 -0.49871
0.06721 -0.50608
0.06468 -0.51351
0.06235 -0.52101
0.06022 -0.52857
0.05829 -0.53618
0.05656 -0.54384
0.05502 -0.55155
0.05369 -0.55929
0.05257 -0.56706
0.05164 -0.57486
0.05092 -0.58268
0.05041 -0.59052
0.05010 -0.59836
0.05000 -0.60622
0.05010 -0.61407
0.05041 -0.62192
0.05092 -0.62976
0.05164 -0.63758
0.05257 -0.64538
0.05369 -0.65315
0.05502 -0.66089
0.05656 -0.66859
0.05829 -0.67625
0.06022 -0.68386
0.06235 -0.69142
0.06468 -0.69892
0.06721 -0.70636
0.06993 -0.71373
0.07284 -0.72102
0.07594 -0.72824
0.07922 -0.73537
0.08270 -0.74241
0.08635 -0.74937
0.09019 -0.75622
0.09421 -0.76297
0.09840 -0.76961
0.10276 -0.77614
0.10729 -0.78255
0.11199 -0.78885
0.11686 -0.79501
0.12188 -0.80105
0.12706 -0.80696
0.13239 -0.81272
0.13787 -0.81835
0.14349 -0.82383
0.14926 -0.82916
0.15517 -0.83434
0.16120 -0.83936
0.16737 -0.84422
0.17366 -0.84892
0.18008 -0.85346
0.18661 -0.85782
0.19325 -0.86201
0.20000 -0.86603
0.20685 -0.86986
0.21380 -0.87352
0.22085 -0.87699
0.22798 -0.88028
0.23519 -0.88338
0.24249 -0.88629
0.24986 -0.88901
0.25729 -0.89153
0.26480 -0.89386
0.27235 -0.89600
0.27997 -0.89793
0.28763 -0.89966
0.29533 -0.90119
0.30307 -0.90252
0.31084 -0.90365
0.31864 -0.90457
0.32646 -0.90529
0.33430 -0.90581
0.34215 -0.90611
0.35000 -0.90622
0.35785 -0.90611
0.36570 -0.90581
0.37354 -0.90529
0.38136 -0.90457
0.38916 -0.90365
0.39693 -0.90252
0.40467 -0.90119
0.41237 -0.89966
0.42003 -0.89793
0.42765 -0.89600
0.43520 -0.89386
0.44271 -0.89153
0.45014 -0.88901
0.45751 -0.88629
0.46481 -0.88338
0.47202 -0.88028
0.47915 -0.87699
0.48620 -0.87352
0.49315 -0.86986
0.50000 -0.86603
0.50675 -0.86201
0.51339 -0.85782
0.51992 -0.85346
0.52634 -0.84892
0.53263 -0.84422
0.53880 -0.83936
0.54483 -0.83434
0.55074 -0.82916
0.55651 -0.82383
0.56213 -0.81835
0.56761 -0.81272
0.57294 -0.80696
0.57812 -0.80105
0.58314 -0.79501
0.58801 -0.78885
0.59271 -0.78255
0.59724 -0.77614
0.60160 -0.76961
0.60579 -0.76297
0.60981 -0.75622
0.61365 -0.74937
0.61730 -0.74241
0.62078 -0.73537
0.62406 -0.72824
0.62716 -0.72102
0.63007 -0.71373
0.63279 -0.70636
0.63532 -0.69892
0.63765 -0.69142
0.63978 -0.68386
0.64171 -0.67625
0.64344 -0.66859
0.64498 -0.66089
0.64631 -0.65315
0.64743 -0.64538
0.64836 -0.63758
0.64908 -0.62976
0.64959 -0.62192
0.64990 -0.61407
0.65000 -0.60622
