x y
-0.20000 0.00000
-0.19971 -0.01074
-0.19885 -0.02144
-0.19741 -0.03208
-0.19540 -0.04263
-0.19283 -0.05306
-0.18971 -0.06333
-0.18603 -0.07343
-0.18182 -0.08330
-0.17709 -0.09294
-0.17185 -0.10232
-0.16611 -0.11139
-0.15989 -0.12015
-0.15321 -0.12856
-0.14609 -0.13660
-0.13854 -0.14424
-0.13060 -0.15147
-0.12228 -0.15826
-0.11361 -0.16460
-0.10461 -0.17046
-0.09531 -0.17583
-0.08574 -0.18069
-0.07592 -0.18503
-0.06587 -0.18884
-0.05564 -0.19210
-0.04525 -0.19481
-0.03473 -0.19696
-0.02411 -0.19854
-0.01342 -0.19955
-0.00269 -0.19998
0.00805 -0.19984
0.01877 -0.19912
0.02943 -0.19782
0.04001 -0.19596
0.05047 -0.19353
0.06078 -0.19054
0.07092 -0.18700
0.08086 -0.18293
0.09056 -0.17832
0.10000 -0.17321
