x y
1.00000 0.00000
1.00000 0.01320
1.00000 0.02640
1.00000 0.03960
1.00000 0.05280
1.00000 0.06600
0.99999 0.07920
0.99999 0.09240
0.99998 0.10560
0.99997 0.11880
0.99995 0.13200
0.99993 0.14520
0.99990 0.15840
0.99986 0.17160
0.99981 0.18480
0.99975 0.19800
0.99967 0.21120
0.99958 0.22440
0.99947 0.23760
0.99935 0.25080
0.99920 0.26400
0.99903 0.27720
0.99883 0.29039
0.99860 0.30359
0.99835 0.31679
0.99805 0.32999
0.99773 0.34318
0.99736 0.35638
0.99695 0.36957
0.99650 0.38276
0.99600 0.39595
0.99544 0.40914
0.99484 0.42233
0.99417 0.43551
0.99344 0.44869
0.99265 0.46187
0.99180 0.47504
0.99087 0.48821
0.98986 0.50137
0.98878 0.51452
0.98761 0.52767
0.98636 0.54081
0.98503 0.55394
0.98359 0.56707
0.98207 0.58018
0.98044 0.59328
0.97871 0.60636
0.97687 0.61943
0.97492 0.63249
0.97286 0.64553
0.97068 0.65855
0.96838 0.67154
0.96596 0.68452
0.96341 0.69747
0.96073 0.71040
0.95791 0.72329
0.95496 0.73616
0.95186 0.74899
0.94862 0.76179
0.94524 0.77454
0.94171 0.78726
0.93803 0.79994
0.93419 0.81257
0.93019 0.82515
0.92604 0.83768
0.92173 0.85015
0.91725 0.86257
0.91261 0.87493
0.90780 0.88722
0.90282 0.89945
0.89767 0.91160
0.89235 0.92368
0.88686 0.93568
0.88119 0.94760
0.87535 0.95944
0.86933 0.97119
0.86313 0.98284
0.85676 0.99440
0.85021 1.00586
0.84348 1.01722
0.83657 1.02846
0.82948 1.03960
0.82222 1.05062
0.81477 1.06152
0.80715 1.07230
0.79935 1.08295
0.79138 1.09347
0.78323 1.10385
0.77491 1.11410
0.76641 1.12420
0.75774 1.13415
0.74891 1.14396
0.73990 1.15361
0.73073 1.16310
0.72139 1.17243
0.71189 1.18159
0.70223 1.19059
0.69241 1.19941
0.68243 1.20805
0.67230 1.21652
0.66202 1.22480
0.65160 1.23289
0.64102 1.24079
0.63031 1.24850
0.61946 1.25602
0.60847 1.26333
0.59735 1.27044
0.58610 1.27734
0.57472 1.28404
0.56322 1.29053
0.55161 1.29680
0.53988 1.30285
0.52804 1.30869
0.51609 1.31430
0.50405 1.31969
0.49190 1.32486
0.47966 1.32980
0.46733 1.33451
0.45491 1.33899
0.44241 1.34323
