x y
0.00000 0.00000
0.00699 0.00853
0.01396 0.01712
0.02089 0.02576
0.02778 0.03444
0.03465 0.04318
0.04148 0.05198
0.04827 0.06082
0.05503 0.06972
0.06175 0.07866
0.06844 0.08766
0.07509 0.09672
0.08171 0.10582
0.08828 0.11498
0.09482 0.12419
0.10131 0.13345
0.10777 0.14276
0.11419 0.15213
0.12056 0.16155
0.12690 0.17102
0.13319 0.18054
0.13944 0.19012
0.14564 0.19974
0.15180 0.20942
0.15792 0.21915
0.16399 0.22894
0.17001 0.23877
0.17599 0.24866
0.18192 0.25860
0.18780 0.26859
0.19364 0.27863
0.19942 0.28873
0.20516 0.29887
0.21084 0.30907
0.21647 0.31931
0.22205 0.32961
0.22758 0.33996
0.23305 0.35036
0.23847 0.36081
0.24383 0.37131
0.24914 0.38185
0.25440 0.39245
0.25959 0.40310
0.26473 0.41379
0.26981 0.42454
0.27484 0.43533
0.27980 0.44617
0.28470 0.45706
0.28955 0.46800
0.29433 0.47898
0.29904 0.49001
0.30370 0.50108
0.30829 0.51221
0.31282 0.52337
0.31729 0.53459
0.32168 0.54584
0.32602 0.55714
0.33028 0.56849
0.33448 0.57988
0.33861 0.59131
0.34267 0.60278
0.34667 0.61430
0.35059 0.62585
0.35444 0.63745
0.35822 0.64909
0.36193 0.66076
0.36557 0.67248
0.36914 0.68423
0.37263 0.69603
0.37605 0.70786
0.37939 0.71972
0.38266 0.73163
0.38585 0.74357
0.38897 0.75554
0.39201 0.76755
0.39497 0.77959
0.39786 0.79166
0.40066 0.80377
0.40339 0.81590
0.40604 0.82807
0.40861 0.84027
0.41110 0.85250
0.41351 0.86475
0.41584 0.87703
0.41809 0.88934
0.42025 0.90168
0.42233 0.91404
0.42433 0.92643
0.42625 0.93884
0.42809 0.95127
0.42984 0.96372
0.43150 0.97620
0.43309 0.98869
0.43458 1.00121
0.43600 1.01374
0.43733 1.02629
0.43857 1.03886
0.43972 1.05145
0.44080 1.06405
0.44178 1.07666
0.44268 1.08929
0.44349 1.10193
0.44422 1.11458
0.44486 1.12724
0.44541 1.13991
0.44588 1.15260
0.44626 1.16528
0.44655 1.17798
0.44675 1.19068
0.44687 1.20339
0.44690 1.21610
0.44684 1.22881
0.44670 1.24153
0.44647 1.25425
0.44615 1.26696
0.44574 1.27968
0.44525 1.29240
0.44467 1.30511
0.44400 1.31782
0.44325 1.33053
0.44241 1.34323
