x y
2.00000 0.00000
1.96552 0.00000
1.93103 0.00000
1.89655 0.00000
1.86207 0.00000
1.82759 0.00000
1.79310 0.00000
1.75862 0.00000
1.72414 0.00000
1.68966 0.00000
1.65517 0.00000
1.62069 0.00000
1.58621 0.00000
1.55172 0.00000
1.51724 0.00000
1.48276 0.00000
1.44828 0.00000
1.41379 0.00000
1.37931 0.00000
1.34483 0.00000
1.31034 0.00000
1.27586 0.00000
1.24138 0.00000
1.20690 0.00000
1.17241 0.00000
1.13793 0.00000
1.10345 0.00000
1.06897 0.00000
1.03448 0.00000
1.00000 0.00000
nan nan
1.99980 0.31416
1.96532 0.30874
1.93084 0.30333
1.89636 0.29791
1.86188 0.29249
1.82740 0.28708
1.79292 0.28166
1.75844 0.27624
1.72396 0.27083
1.68948 0.26541
1.65501 0.25999
1.62053 0.25458
1.58605 0.24916
1.55157 0.24374
1.51709 0.23833
1.48261 0.23291
1.44813 0.22749
1.41365 0.22208
1.37917 0.21666
1.34469 0.21124
1.31021 0.20583
1.27573 0.20041
1.24125 0.19500
1.20677 0.18958
1.17230 0.18416
1.13782 0.17875
1.10334 0.17333
1.06886 0.16791
1.03438 0.16250
0.99990 0.15708
nan nan
1.99680 0.62830
1.96237 0.61747
1.92794 0.60663
1.89352 0.59580
1.85909 0.58497
1.82466 0.57414
1.79023 0.56330
1.75581 0.55247
1.72138 0.54164
1.68695 0.53081
1.65252 0.51997
1.61810 0.50914
1.58367 0.49831
1.54924 0.48747
1.51481 0.47664
1.48039 0.46581
1.44596 0.45498
1.41153 0.44414
1.37710 0.43331
1.34268 0.42248
1.30825 0.41164
1.27382 0.40081
1.23939 0.38998
1.20496 0.37915
1.17054 0.36831
1.13611 0.35748
1.10168 0.34665
1.06725 0.33582
1.03283 0.32498
0.99840 0.31415
nan nan
1.98412 0.94218
1.94991 0.92593
1.91570 0.90969
1.88149 0.89344
1.84728 0.87720
1.81308 0.86095
1.77887 0.84471
1.74466 0.82846
1.71045 0.81222
1.67624 0.79598
1.64203 0.77973
1.60782 0.76349
1.57361 0.74724
1.53940 0.73100
1.50519 0.71475
1.47099 0.69851
1.43678 0.68227
1.40257 0.66602
1.36836 0.64978
1.33415 0.63353
1.29994 0.61729
1.26573 0.60104
1.23152 0.58480
1.19731 0.56855
1.16311 0.55231
1.12890 0.53607
1.09469 0.51982
1.06048 0.50358
1.02627 0.48733
0.99206 0.47109
nan nan
1.95143 1.25454
1.91779 1.23291
1.88414 1.21128
1.85050 1.18965
1.81685 1.16802
1.78321 1.14639
1.74956 1.12476
1.71592 1.10313
1.68227 1.08150
1.64863 1.05987
1.61498 1.03824
1.58133 1.01661
1.54769 0.99498
1.51404 0.97335
1.48040 0.95172
1.44675 0.93009
1.41311 0.90846
1.37946 0.88683
1.34582 0.86520
1.31217 0.84357
1.27853 0.82194
1.24488 0.80031
1.21124 0.77868
1.17759 0.75705
1.14394 0.73542
1.11030 0.71379
1.07665 0.69216
1.04301 0.67053
1.00936 0.64890
0.97572 0.62727
nan nan
1.88699 1.56182
1.85445 1.53489
1.82192 1.50796
1.78939 1.48103
1.75685 1.45411
1.72432 1.42718
1.69178 1.40025
1.65925 1.37332
1.62671 1.34639
1.59418 1.31947
1.56165 1.29254
1.52911 1.26561
1.49658 1.23868
1.46404 1.21176
1.43151 1.18483
1.39897 1.15790
1.36644 1.13097
1.33391 1.10404
1.30137 1.07712
1.26884 1.05019
1.23630 1.02326
1.20377 0.99633
1.17123 0.96940
1.13870 0.94248
1.10617 0.91555
1.07363 0.88862
1.04110 0.86169
1.00856 0.83476
0.97603 0.80784
0.94349 0.78091
nan nan
1.78035 1.85698
1.74966 1.82497
1.71896 1.79295
1.68826 1.76093
1.65757 1.72891
1.62687 1.69690
1.59618 1.66488
1.56548 1.63286
1.53479 1.60085
1.50409 1.56883
1.47339 1.53681
1.44270 1.50480
1.41200 1.47278
1.38131 1.44076
1.35061 1.40875
1.31992 1.37673
1.28922 1.34471
1.25852 1.31269
1.22783 1.28068
1.19713 1.24866
1.16644 1.21664
1.13574 1.18463
1.10505 1.15261
1.07435 1.12059
1.04365 1.08858
1.01296 1.05656
0.98226 1.02454
0.95157 0.99252
0.92087 0.96051
0.89018 0.92849
nan nan
1.52956 2.00445
1.50483 1.97205
1.48011 1.93964
1.45538 1.90724
1.43065 1.87484
1.40593 1.84244
1.38120 1.81003
1.35648 1.77763
1.33175 1.74523
1.30702 1.71282
1.28230 1.68042
1.25757 1.64802
1.23285 1.61562
1.20812 1.58321
1.18339 1.55081
1.15867 1.51841
1.13394 1.48600
1.10922 1.45360
1.08449 1.42120
1.05976 1.38880
1.03504 1.35639
1.01031 1.32399
0.98559 1.29159
0.96086 1.25918
0.93613 1.22678
0.91141 1.19438
0.88668 1.16198
0.86196 1.12957
0.83723 1.09717
0.81250 1.06477
nan nan
1.10952 1.84940
1.09575 1.82644
1.08197 1.80347
1.06819 1.78051
1.05441 1.75754
1.04064 1.73457
1.02686 1.71161
1.01308 1.68864
0.99930 1.66568
0.98552 1.64271
0.97175 1.61975
0.95797 1.59678
0.94419 1.57382
0.93041 1.55085
0.91664 1.52789
0.90286 1.50492
0.88908 1.48196
0.87530 1.45899
0.86152 1.43603
0.84775 1.41306
0.83397 1.39009
0.82019 1.36713
0.80641 1.34416
0.79264 1.32120
0.77886 1.29823
0.76508 1.27527
0.75130 1.25230
0.73752 1.22934
0.72375 1.20637
0.70997 1.18341
nan nan
0.74544 1.62862
0.73990 1.61653
0.73437 1.60444
0.72884 1.59235
0.72330 1.58027
0.71777 1.56818
0.71224 1.55609
0.70670 1.54400
0.70117 1.53191
0.69564 1.51982
0.69010 1.50773
0.68457 1.49564
0.67904 1.48355
0.67350 1.47146
0.66797 1.45937
0.66243 1.44728
0.65690 1.43519
0.65137 1.42310
0.64583 1.41101
0.64030 1.39892
0.63477 1.38683
0.62923 1.37474
0.62370 1.36265
0.61817 1.35056
0.61263 1.33847
0.60710 1.32638
0.60157 1.31429
0.59603 1.30220
0.59050 1.29011
0.58496 1.27802
