x y
2.00000 0.00000
2.00000 0.01760
2.00000 0.03520
2.00000 0.05280
2.00000 0.07040
2.00000 0.08800
2.00000 0.10560
2.00000 0.12320
1.99999 0.14080
1.99999 0.15840
1.99998 0.17600
1.99997 0.19360
1.99996 0.21120
1.99994 0.22880
1.99992 0.24640
1.99990 0.26400
1.99987 0.28160
1.99983 0.29920
1.99979 0.31680
1.99974 0.33440
1.99968 0.35200
1.99961 0.36960
1.99953 0.38720
1.99944 0.40480
1.99934 0.42240
1.99922 0.44000
1.99909 0.45760
1.99895 0.47520
1.99878 0.49280
1.99860 0.51039
1.99840 0.52799
1.99817 0.54559
1.99793 0.56319
1.99766 0.58079
1.99736 0.59839
1.99704 0.61598
1.99669 0.63358
1.99631 0.65117
1.99590 0.66877
1.99545 0.68636
1.99497 0.70396
1.99446 0.72155
1.99390 0.73914
1.99331 0.75673
1.99267 0.77432
1.99199 0.79191
1.99127 0.80949
1.99049 0.82707
1.98967 0.84466
1.98880 0.86223
1.98787 0.87981
1.98689 0.89738
1.98585 0.91495
1.98475 0.93252
1.98359 0.95008
1.98237 0.96764
1.98108 0.98519
1.97972 1.00274
1.97830 1.02028
1.97680 1.03781
1.97523 1.05534
1.97358 1.07287
1.97186 1.09038
1.97005 1.10789
1.96816 1.12539
1.96619 1.14288
1.96413 1.16036
1.96199 1.17782
1.95975 1.19528
1.95742 1.21273
1.95499 1.23016
1.95247 1.24758
1.94985 1.26498
1.94713 1.28237
1.94430 1.29974
1.94137 1.31709
1.93833 1.33443
1.93518 1.35174
1.93192 1.36904
1.92855 1.38631
1.92506 1.40356
1.92145 1.42079
1.91773 1.43799
1.91388 1.45517
1.90991 1.47231
1.90582 1.48943
1.90160 1.50652
1.89725 1.52357
1.89277 1.54059
1.88816 1.55758
1.88342 1.57453
1.87854 1.59144
1.87353 1.60831
1.86838 1.62514
1.86309 1.64192
1.85766 1.65866
1.85208 1.67536
1.84637 1.69200
1.84051 1.70860
1.83450 1.72514
1.82835 1.74163
1.82205 1.75807
1.81560 1.77444
1.80900 1.79076
1.80225 1.80701
1.79535 1.82320
1.78829 1.83932
1.78108 1.85538
1.77372 1.87137
1.76620 1.88728
1.75853 1.90312
1.75070 1.91888
1.74271 1.93456
1.73457 1.95017
1.72626 1.96569
1.71781 1.98112
1.70919 1.99647
1.70041 2.01172
1.69148 2.02689
1.68239 2.04195
