x y
1.80000 0.00000
1.80000 0.02069
1.80000 0.04139
1.80000 0.06208
1.80000 0.08277
1.80000 0.10346
1.79999 0.12416
1.79999 0.14485
1.79998 0.16554
1.79997 0.18624
1.79995 0.20693
1.79992 0.22762
1.79989 0.24831
1.79985 0.26901
1.79980 0.28970
1.79974 0.31039
1.79966 0.33109
1.79956 0.35178
1.79945 0.37247
1.79932 0.39316
1.79917 0.41386
1.79899 0.43455
1.79878 0.45524
1.79855 0.47593
1.79828 0.49662
1.79798 0.51731
1.79764 0.53800
1.79725 0.55869
1.79683 0.57938
1.79635 0.60007
1.79583 0.62075
1.79525 0.64144
1.79461 0.66212
1.79392 0.68280
1.79316 0.70348
1.79233 0.72416
1.79142 0.74483
1.79045 0.76550
1.78939 0.78617
1.78825 0.80683
1.78702 0.82748
1.78570 0.84813
1.78428 0.86878
1.78276 0.88942
1.78114 0.91005
1.77941 0.93067
1.77757 0.95128
1.77561 0.97188
1.77353 0.99246
1.77133 1.01304
1.76899 1.03360
1.76652 1.05415
1.76392 1.07467
1.76117 1.09518
1.75827 1.11567
1.75522 1.13614
1.75202 1.15658
1.74866 1.17700
1.74513 1.19739
1.74144 1.21775
1.73758 1.23808
1.73354 1.25837
1.72932 1.27863
1.72492 1.29885
1.72033 1.31903
1.71556 1.33916
1.71058 1.35925
1.70542 1.37929
1.70005 1.39927
1.69447 1.41920
1.68869 1.43907
1.68270 1.45887
1.67650 1.47862
1.67008 1.49829
1.66344 1.51789
1.65658 1.53741
1.64949 1.55685
1.64218 1.57621
1.63464 1.59548
1.62688 1.61466
1.61887 1.63374
1.61064 1.65273
1.60217 1.67161
1.59346 1.69038
1.58452 1.70904
1.57533 1.72758
1.56590 1.74600
1.55624 1.76430
1.54633 1.78246
1.53617 1.80049
1.52578 1.81838
1.51514 1.83613
1.50426 1.85373
1.49313 1.87118
1.48176 1.88847
1.47015 1.90559
1.45829 1.92255
1.44619 1.93934
1.43386 1.95595
1.42128 1.97238
nan nan
1.60000 0.00000
1.60000 0.02000
1.60000 0.03999
1.60000 0.05999
1.60000 0.07999
1.60000 0.09999
1.59999 0.11998
1.59998 0.13998
1.59997 0.15998
1.59996 0.17997
1.59994 0.19997
1.59990 0.21997
1.59987 0.23997
1.59981 0.25996
1.59975 0.27996
1.59967 0.29996
1.59958 0.31995
1.59946 0.33995
1.59932 0.35995
1.59916 0.37994
1.59897 0.39994
1.59875 0.41994
1.59849 0.43993
1.59820 0.45993
1.59787 0.47992
1.59749 0.49991
1.59707 0.51991
1.59660 0.53990
1.59607 0.55989
1.59549 0.57988
1.59484 0.59986
1.59412 0.61985
1.59334 0.63983
1.59248 0.65981
1.59154 0.67978
1.59052 0.69975
1.58941 0.71972
1.58820 0.73968
1.58690 0.75964
1.58550 0.77958
1.58399 0.79952
1.58237 0.81946
1.58063 0.83938
1.57877 0.85929
1.57678 0.87919
1.57467 0.89907
1.57242 0.91894
1.57002 0.93879
1.56748 0.95863
1.56480 0.97844
1.56195 0.99824
1.55895 1.01801
1.55578 1.03775
1.55244 1.05747
1.54892 1.07716
1.54523 1.09681
1.54136 1.11643
1.53729 1.13601
1.53304 1.15555
1.52859 1.17504
1.52394 1.19449
1.51908 1.21389
1.51401 1.23323
1.50874 1.25252
1.50324 1.27175
1.49753 1.29091
1.49159 1.31001
1.48543 1.32903
1.47904 1.34798
1.47242 1.36685
1.46556 1.38563
1.45846 1.40433
1.45113 1.42293
1.44355 1.44144
1.43572 1.45984
1.42765 1.47813
1.41933 1.49632
1.41077 1.51439
1.40195 1.53233
1.39287 1.55015
1.38355 1.56784
1.37397 1.58540
1.36413 1.60281
1.35404 1.62007
1.34369 1.63718
1.33309 1.65414
1.32223 1.67093
1.31111 1.68755
1.29974 1.70400
1.28812 1.72027
1.27624 1.73636
1.26411 1.75226
1.25173 1.76796
1.23910 1.78346
1.22622 1.79876
1.21310 1.81385
1.19973 1.82872
1.18612 1.84337
1.17227 1.85779
1.15818 1.87199
nan nan
1.40000 0.00000
1.40000 0.01900
1.40000 0.03801
1.40000 0.05701
1.40000 0.07601
1.40000 0.09502
1.39999 0.11402
1.39998 0.13303
1.39997 0.15203
1.39995 0.17103
1.39992 0.19004
1.39988 0.20904
1.39984 0.22804
1.39977 0.24705
1.39970 0.26605
1.39960 0.28506
1.39948 0.30406
1.39934 0.32306
1.39918 0.34206
1.39898 0.36107
1.39875 0.38007
1.39848 0.39907
1.39817 0.41807
1.39781 0.43707
1.39741 0.45607
1.39696 0.47507
1.39645 0.49407
1.39587 0.51306
1.39523 0.53206
1.39453 0.55105
1.39374 0.57003
1.39288 0.58902
1.39193 0.60800
1.39089 0.62697
1.38976 0.64594
1.38852 0.66491
1.38718 0.68386
1.38573 0.70281
1.38417 0.72175
1.38248 0.74068
1.38067 0.75960
1.37872 0.77850
1.37664 0.79739
1.37441 0.81626
1.37203 0.83512
1.36950 0.85395
1.36681 0.87276
1.36395 0.89155
1.36093 0.91031
1.35773 0.92904
1.35434 0.94774
1.35077 0.96641
1.34701 0.98504
1.34306 1.00363
1.33890 1.02217
1.33454 1.04066
1.32997 1.05911
1.32518 1.07750
1.32018 1.09583
1.31495 1.11410
1.30950 1.13231
1.30381 1.15044
1.29789 1.16850
1.29173 1.18648
1.28534 1.20437
1.27869 1.22218
1.27180 1.23989
1.26466 1.25750
1.25727 1.27501
1.24963 1.29241
1.24173 1.30969
1.23357 1.32685
1.22515 1.34389
1.21647 1.36079
1.20753 1.37756
1.19832 1.39419
1.18885 1.41066
1.17912 1.42699
1.16912 1.44315
1.15886 1.45914
1.14834 1.47497
1.13755 1.49061
1.12650 1.50607
1.11519 1.52134
1.10362 1.53641
1.09179 1.55129
1.07970 1.56595
1.06735 1.58040
1.05476 1.59463
1.04191 1.60863
1.02882 1.62240
1.01547 1.63593
1.00189 1.64923
0.98807 1.66227
0.97401 1.67505
0.95972 1.68758
0.94520 1.69984
0.93046 1.71184
0.91550 1.72355
0.90032 1.73499
nan nan
1.20000 0.00000
1.20000 0.01765
1.20000 0.03529
1.20000 0.05294
1.20000 0.07059
1.19999 0.08823
1.19999 0.10588
1.19998 0.12353
1.19996 0.14117
1.19994 0.15882
1.19991 0.17646
1.19986 0.19411
1.19981 0.21176
1.19973 0.22940
1.19964 0.24705
1.19953 0.26470
1.19939 0.28234
1.19923 0.29999
1.19903 0.31763
1.19879 0.33528
1.19852 0.35292
1.19821 0.37057
1.19784 0.38821
1.19743 0.40585
1.19695 0.42349
1.19642 0.44113
1.19582 0.45877
1.19515 0.47640
1.19440 0.49403
1.19357 0.51166
1.19265 0.52928
1.19164 0.54690
1.19053 0.56451
1.18931 0.58211
1.18799 0.59971
1.18655 0.61730
1.18498 0.63487
1.18329 0.65244
1.18147 0.66999
1.17951 0.68753
1.17740 0.70505
1.17514 0.72255
1.17272 0.74003
1.17014 0.75749
1.16739 0.77492
1.16446 0.79232
1.16136 0.80969
1.15807 0.82703
1.15458 0.84433
1.15090 0.86158
1.14702 0.87880
1.14293 0.89596
1.13862 0.91308
1.13410 0.93013
1.12936 0.94713
1.12439 0.96406
1.11920 0.98093
1.11376 0.99772
1.10809 1.01443
1.10218 1.03105
1.09602 1.04759
1.08961 1.06403
1.08295 1.08037
1.07604 1.09661
1.06887 1.11273
1.06145 1.12874
1.05376 1.14463
1.04581 1.16038
1.03760 1.17600
1.02912 1.19148
1.02038 1.20681
1.01137 1.22198
1.00210 1.23699
0.99256 1.25184
0.98276 1.26651
0.97269 1.28100
0.96236 1.29531
0.95176 1.30942
0.94091 1.32333
0.92979 1.33704
0.91842 1.35053
0.90679 1.36380
0.89491 1.37685
0.88278 1.38966
0.87040 1.40224
0.85777 1.41457
0.84491 1.42665
0.83181 1.43848
0.81848 1.45004
0.80492 1.46133
0.79114 1.47235
0.77714 1.48309
0.76292 1.49354
0.74849 1.50370
0.73386 1.51357
0.71903 1.52313
0.70401 1.53239
0.68880 1.54134
0.67342 1.54998
0.65785 1.55830
