x y
0.20000 0.00000
0.20000 0.00230
0.20000 0.00460
0.20000 0.00690
0.20000 0.00920
0.20000 0.01150
0.20000 0.01380
0.20000 0.01609
0.20000 0.01839
0.20000 0.02069
0.19999 0.02299
0.19999 0.02529
0.19999 0.02759
0.19998 0.02989
0.19998 0.03219
0.19997 0.03449
0.19996 0.03679
0.19995 0.03909
0.19994 0.04139
0.19992 0.04368
0.19991 0.04598
0.19989 0.04828
0.19986 0.05058
0.19984 0.05288
0.19981 0.05518
0.19978 0.05748
0.19974 0.05978
0.19969 0.06208
0.19965 0.06438
0.19959 0.06667
0.19954 0.06897
0.19947 0.07127
0.19940 0.07357
0.19932 0.07587
0.19924 0.07816
0.19915 0.08046
0.19905 0.08276
0.19894 0.08506
0.19882 0.08735
0.19869 0.08965
0.19856 0.09194
0.19841 0.09424
0.19825 0.09653
0.19808 0.09882
0.19790 0.10112
0.19771 0.10341
0.19751 0.10570
0.19729 0.10799
0.19706 0.11027
0.19681 0.11256
0.19655 0.11484
0.19628 0.11713
0.19599 0.11941
0.19569 0.12169
0.19536 0.12396
0.19502 0.12624
0.19467 0.12851
0.19430 0.13078
0.19390 0.13304
0.19349 0.13531
0.19306 0.13756
0.19262 0.13982
0.19215 0.14207
0.19166 0.14432
0.19115 0.14656
0.19062 0.14880
0.19006 0.15103
0.18949 0.15325
0.18889 0.15547
0.18827 0.15769
0.18763 0.15990
0.18697 0.16210
0.18628 0.16429
0.18556 0.16648
0.18483 0.16865
0.18406 0.17082
0.18328 0.17298
0.18246 0.17513
0.18163 0.17728
0.18076 0.17941
0.17987 0.18153
0.17896 0.18364
0.17802 0.18573
0.17705 0.18782
0.17606 0.18989
0.17504 0.19195
0.17399 0.19400
0.17292 0.19603
0.17181 0.19805
0.17069 0.20005
0.16953 0.20204
0.16835 0.20401
0.16714 0.20597
0.16590 0.20791
0.16464 0.20983
0.16335 0.21173
0.16203 0.21362
0.16069 0.21548
0.15932 0.21733
0.15792 0.21915
nan nan
0.40000 0.00000
0.40000 0.00500
0.40000 0.01000
0.40000 0.01500
0.40000 0.02000
0.40000 0.02500
0.40000 0.03000
0.40000 0.03499
0.39999 0.03999
0.39999 0.04499
0.39998 0.04999
0.39998 0.05499
0.39997 0.05999
0.39995 0.06499
0.39994 0.06999
0.39992 0.07499
0.39989 0.07999
0.39986 0.08499
0.39983 0.08999
0.39979 0.09499
0.39974 0.09998
0.39969 0.10498
0.39962 0.10998
0.39955 0.11498
0.39947 0.11998
0.39937 0.12498
0.39927 0.12998
0.39915 0.13497
0.39902 0.13997
0.39887 0.14497
0.39871 0.14997
0.39853 0.15496
0.39833 0.15996
0.39812 0.16495
0.39788 0.16995
0.39763 0.17494
0.39735 0.17993
0.39705 0.18492
0.39673 0.18991
0.39637 0.19490
0.39600 0.19988
0.39559 0.20486
0.39516 0.20984
0.39469 0.21482
0.39420 0.21980
0.39367 0.22477
0.39310 0.22974
0.39251 0.23470
0.39187 0.23966
0.39120 0.24461
0.39049 0.24956
0.38974 0.25450
0.38894 0.25944
0.38811 0.26437
0.38723 0.26929
0.38631 0.27420
0.38534 0.27911
0.38432 0.28400
0.38326 0.28889
0.38215 0.29376
0.38098 0.29862
0.37977 0.30347
0.37850 0.30831
0.37718 0.31313
0.37581 0.31794
0.37438 0.32273
0.37290 0.32750
0.37136 0.33226
0.36976 0.33699
0.36810 0.34171
0.36639 0.34641
0.36462 0.35108
0.36278 0.35573
0.36089 0.36036
0.35893 0.36496
0.35691 0.36953
0.35483 0.37408
0.35269 0.37860
0.35049 0.38308
0.34822 0.38754
0.34589 0.39196
0.34349 0.39635
0.34103 0.40070
0.33851 0.40502
0.33592 0.40930
0.33327 0.41353
0.33056 0.41773
0.32778 0.42189
0.32494 0.42600
0.32203 0.43007
0.31906 0.43409
0.31603 0.43806
0.31293 0.44199
0.30978 0.44587
0.30656 0.44969
0.30327 0.45346
0.29993 0.45718
0.29653 0.46084
0.29307 0.46445
0.28955 0.46800
nan nan
0.60000 0.00000
0.60000 0.00814
0.60000 0.01629
0.60000 0.02443
0.60000 0.03258
0.60000 0.04072
0.60000 0.04887
0.59999 0.05701
0.59999 0.06516
0.59998 0.07330
0.59997 0.08144
0.59995 0.08959
0.59993 0.09773
0.59990 0.10588
0.59987 0.11402
0.59983 0.12217
0.59978 0.13031
0.59972 0.13846
0.59965 0.14660
0.59956 0.15474
0.59946 0.16289
0.59935 0.17103
0.59921 0.17917
0.59906 0.18732
0.59889 0.19546
0.59870 0.20360
0.59848 0.21174
0.59823 0.21988
0.59796 0.22802
0.59765 0.23616
0.59732 0.24430
0.59695 0.25244
0.59654 0.26057
0.59610 0.26870
0.59561 0.27683
0.59508 0.28496
0.59451 0.29308
0.59389 0.30121
0.59322 0.30932
0.59249 0.31743
0.59171 0.32554
0.59088 0.33364
0.58999 0.34174
0.58903 0.34983
0.58801 0.35791
0.58693 0.36598
0.58578 0.37404
0.58455 0.38209
0.58325 0.39013
0.58188 0.39816
0.58043 0.40618
0.57890 0.41418
0.57729 0.42216
0.57560 0.43013
0.57382 0.43807
0.57195 0.44600
0.56999 0.45390
0.56794 0.46179
0.56579 0.46964
0.56355 0.47747
0.56121 0.48528
0.55878 0.49305
0.55624 0.50079
0.55360 0.50849
0.55086 0.51616
0.54801 0.52379
0.54506 0.53138
0.54200 0.53893
0.53883 0.54643
0.53556 0.55389
0.53217 0.56129
0.52867 0.56865
0.52506 0.57595
0.52134 0.58320
0.51751 0.59038
0.51357 0.59751
0.50951 0.60457
0.50534 0.61157
0.50105 0.61849
0.49666 0.62535
0.49215 0.63213
0.48752 0.63883
0.48279 0.64546
0.47794 0.65200
0.47298 0.65846
0.46791 0.66484
0.46273 0.67112
0.45744 0.67731
0.45204 0.68341
0.44653 0.68941
0.44092 0.69531
0.43520 0.70111
0.42938 0.70681
0.42346 0.71240
0.41743 0.71788
0.41131 0.72325
0.40509 0.72850
0.39877 0.73364
0.39236 0.73866
0.38585 0.74357
nan nan
0.80000 0.00000
0.80000 0.01176
0.80000 0.02353
0.80000 0.03529
0.80000 0.04706
0.80000 0.05882
0.79999 0.07059
0.79999 0.08235
0.79997 0.09411
0.79996 0.10588
0.79994 0.11764
0.79991 0.12941
0.79987 0.14117
0.79982 0.15294
0.79976 0.16470
0.79969 0.17646
0.79959 0.18823
0.79948 0.19999
0.79935 0.21176
0.79920 0.22352
0.79901 0.23528
0.79880 0.24704
0.79856 0.25881
0.79828 0.27057
0.79797 0.28233
0.79761 0.29409
0.79721 0.30584
0.79676 0.31760
0.79626 0.32935
0.79571 0.34110
0.79510 0.35285
0.79442 0.36460
0.79368 0.37634
0.79287 0.38808
0.79199 0.39981
0.79103 0.41153
0.78999 0.42325
0.78886 0.43496
0.78765 0.44666
0.78634 0.45835
0.78493 0.47003
0.78343 0.48170
0.78181 0.49335
0.78009 0.50499
0.77826 0.51661
0.77631 0.52821
0.77424 0.53979
0.77204 0.55135
0.76972 0.56288
0.76727 0.57439
0.76468 0.58587
0.76195 0.59731
0.75908 0.60872
0.75607 0.62009
0.75291 0.63142
0.74960 0.64271
0.74613 0.65395
0.74251 0.66514
0.73873 0.67628
0.73478 0.68737
0.73068 0.69839
0.72641 0.70935
0.72197 0.72025
0.71736 0.73107
0.71258 0.74182
0.70763 0.75249
0.70251 0.76308
0.69721 0.77359
0.69173 0.78400
0.68608 0.79432
0.68025 0.80454
0.67425 0.81465
0.66807 0.82466
0.66171 0.83456
0.65517 0.84434
0.64846 0.85400
0.64157 0.86354
0.63451 0.87295
0.62727 0.88222
0.61986 0.89136
0.61228 0.90035
0.60453 0.90920
0.59660 0.91790
0.58852 0.92644
0.58026 0.93483
0.57185 0.94305
0.56327 0.95110
0.55454 0.95898
0.54565 0.96669
0.53661 0.97422
0.52743 0.98157
0.51809 0.98872
0.50861 0.99569
0.49899 1.00247
0.48924 1.00905
0.47936 1.01542
0.46934 1.02160
0.45920 1.02756
0.44894 1.03332
0.43857 1.03886
