x y
0.00000 0.00000
0.03448 0.00000
0.06897 0.00000
0.10345 0.00000
0.13793 0.00000
0.17241 0.00000
0.20690 0.00000
0.24138 0.00000
0.27586 0.00000
0.31034 0.00000
0.34483 0.00000
0.37931 0.00000
0.41379 0.00000
0.44828 0.00000
0.48276 0.00000
0.51724 0.00000
0.55172 0.00000
0.58621 0.00000
0.62069 0.00000
0.65517 0.00000
0.68966 0.00000
0.72414 0.00000
0.75862 0.00000
0.79310 0.00000
0.82759 0.00000
0.86207 0.00000
0.89655 0.00000
0.93103 0.00000
0.96552 0.00000
1.00000 0.00000
nan nan
0.00000 0.00000
0.03448 0.00542
0.06896 0.01083
0.10344 0.01625
0.13792 0.02167
0.17240 0.02708
0.20688 0.03250
0.24135 0.03792
0.27583 0.04333
0.31031 0.04875
0.34479 0.05417
0.37927 0.05958
0.41375 0.06500
0.44823 0.07041
0.48271 0.07583
0.51719 0.08125
0.55167 0.08666
0.58615 0.09208
0.62063 0.09750
0.65511 0.10291
0.68959 0.10833
0.72406 0.11375
0.75854 0.11916
0.79302 0.12458
0.82750 0.13000
0.86198 0.13541
0.89646 0.14083
0.93094 0.14625
0.96542 0.15166
0.99990 0.15708
nan nan
0.00000 0.00000
0.03443 0.01083
0.06886 0.02167
0.10328 0.03250
0.13771 0.04333
0.17214 0.05416
0.20657 0.06500
0.24099 0.07583
0.27542 0.08666
0.30985 0.09749
0.34428 0.10833
0.37870 0.11916
0.41313 0.12999
0.44756 0.14083
0.48199 0.15166
0.51641 0.16249
0.55084 0.17332
0.58527 0.18416
0.61970 0.19499
0.65412 0.20582
0.68855 0.21666
0.72298 0.22749
0.75741 0.23832
0.79183 0.24915
0.82626 0.25999
0.86069 0.27082
0.89512 0.28165
0.92954 0.29248
0.96397 0.30332
0.99840 0.31415
nan nan
0.00000 0.00000
0.03421 0.01624
0.06842 0.03249
0.10263 0.04873
0.13684 0.06498
0.17104 0.08122
0.20525 0.09747
0.23946 0.11371
0.27367 0.12996
0.30788 0.14620
0.34209 0.16244
0.37630 0.17869
0.41051 0.19493
0.44472 0.21118
0.47893 0.22742
0.51313 0.24367
0.54734 0.25991
0.58155 0.27615
0.61576 0.29240
0.64997 0.30864
0.68418 0.32489
0.71839 0.34113
0.75260 0.35738
0.78681 0.37362
0.82102 0.38987
0.85522 0.40611
0.88943 0.42235
0.92364 0.43860
0.95785 0.45484
0.99206 0.47109
nan nan
0.00000 0.00000
0.03365 0.02163
0.06729 0.04326
0.10094 0.06489
0.13458 0.08652
0.16823 0.10815
0.20187 0.12978
0.23552 0.15141
0.26916 0.17304
0.30281 0.19467
0.33645 0.21630
0.37010 0.23793
0.40375 0.25956
0.43739 0.28119
0.47104 0.30282
0.50468 0.32445
0.53833 0.34608
0.57197 0.36771
0.60562 0.38934
0.63926 0.41097
0.67291 0.43260
0.70655 0.45423
0.74020 0.47586
0.77384 0.49749
0.80749 0.51912
0.84114 0.54075
0.87478 0.56238
0.90843 0.58401
0.94207 0.60564
0.97572 0.62727
nan nan
0.00000 0.00000
0.03253 0.02693
0.06507 0.05386
0.09760 0.08078
0.13014 0.10771
0.16267 0.13464
0.19521 0.16157
0.22774 0.18850
0.26027 0.21542
0.29281 0.24235
0.32534 0.26928
0.35788 0.29621
0.39041 0.32313
0.42295 0.35006
0.45548 0.37699
0.48801 0.40392
0.52055 0.43085
0.55308 0.45777
0.58562 0.48470
0.61815 0.51163
0.65069 0.53856
0.68322 0.56549
0.71575 0.59241
0.74829 0.61934
0.78082 0.64627
0.81336 0.67320
0.84589 0.70013
0.87843 0.72705
0.91096 0.75398
0.94349 0.78091
nan nan
0.00000 0.00000
0.03070 0.03202
0.06139 0.06403
0.09209 0.09605
0.12278 0.12807
0.15348 0.16008
0.18417 0.19210
0.21487 0.22412
0.24557 0.25614
0.27626 0.28815
0.30696 0.32017
0.33765 0.35219
0.36835 0.38420
0.39904 0.41622
0.42974 0.44824
0.46044 0.48025
0.49113 0.51227
0.52183 0.54429
0.55252 0.57630
0.58322 0.60832
0.61391 0.64034
0.64461 0.67236
0.67531 0.70437
0.70600 0.73639
0.73670 0.76841
0.76739 0.80042
0.79809 0.83244
0.82878 0.86446
0.85948 0.89647
0.89018 0.92849
nan nan
0.09545 0.12508
0.12018 0.15749
0.14490 0.18989
0.16963 0.22229
0.19435 0.25470
0.21908 0.28710
0.24381 0.31950
0.26853 0.35190
0.29326 0.38431
0.31798 0.41671
0.34271 0.44911
0.36744 0.48152
0.39216 0.51392
0.41689 0.54632
0.44161 0.57872
0.46634 0.61113
0.49107 0.64353
0.51579 0.67593
0.54052 0.70834
0.56524 0.74074
0.58997 0.77314
0.61470 0.80554
0.63942 0.83795
0.66415 0.87035
0.68887 0.90275
0.71360 0.93516
0.73833 0.96756
0.76305 0.99996
0.78778 1.03236
0.81250 1.06477
nan nan
0.31041 0.51741
0.32419 0.54038
0.33797 0.56334
0.35175 0.58631
0.36553 0.60927
0.37930 0.63224
0.39308 0.65520
0.40686 0.67817
0.42064 0.70113
0.43441 0.72410
0.44819 0.74707
0.46197 0.77003
0.47575 0.79300
0.48953 0.81596
0.50330 0.83893
0.51708 0.86189
0.53086 0.88486
0.54464 0.90782
0.55841 0.93079
0.57219 0.95375
0.58597 0.97672
0.59975 0.99968
0.61353 1.02265
0.62730 1.04561
0.64108 1.06858
0.65486 1.09155
0.66864 1.11451
0.68241 1.13748
0.69619 1.16044
0.70997 1.18341
nan nan
0.42449 0.92742
0.43003 0.93951
0.43556 0.95160
0.44109 0.96369
0.44663 0.97578
0.45216 0.98787
0.45769 0.99996
0.46323 1.01205
0.46876 1.02414
0.47429 1.03623
0.47983 1.04832
0.48536 1.06041
0.49089 1.07250
0.49643 1.08459
0.50196 1.09668
0.50749 1.10877
0.51303 1.12086
0.51856 1.13295
0.52410 1.14504
0.52963 1.15713
0.53516 1.16922
0.54070 1.18131
0.54623 1.19340
0.55176 1.20549
0.55730 1.21758
0.56283 1.22967
0.56836 1.24175
0.57390 1.25384
0.57943 1.26593
0.58496 1.27802
