x y
1.68239 2.04195
1.67161 2.03958
1.66082 2.03717
1.65002 2.03472
1.63922 2.03222
1.62840 2.02968
1.61757 2.02709
1.60673 2.02446
1.59589 2.02178
1.58503 2.01906
1.57416 2.01629
1.56329 2.01347
1.55241 2.01061
1.54152 2.00770
1.53062 2.00474
1.51971 2.00173
1.50880 1.99867
1.49788 1.99557
1.48695 1.99241
1.47602 1.98920
1.46508 1.98594
1.45414 1.98263
1.44319 1.97927
1.43224 1.97585
1.42128 1.97238
1.41032 1.96886
1.39935 1.96528
1.38838 1.96165
1.37741 1.95797
1.36644 1.95423
1.35546 1.95043
1.34449 1.94657
1.33351 1.94266
1.32253 1.93869
1.31155 1.93467
1.30058 1.93058
1.28960 1.92644
1.27863 1.92224
1.26766 1.91797
1.25669 1.91365
1.24572 1.90927
1.23476 1.90483
1.22380 1.90032
1.21285 1.89576
1.20190 1.89113
1.19096 1.88644
1.18003 1.88168
1.16910 1.87687
1.15818 1.87199
1.14727 1.86704
1.13637 1.86203
1.12548 1.85696
1.11460 1.85182
1.10373 1.84662
1.09287 1.84135
1.08203 1.83601
1.07120 1.83061
1.06038 1.82515
1.04958 1.81961
1.03879 1.81401
1.02802 1.80834
1.01727 1.80260
1.00653 1.79680
0.99581 1.79093
0.98512 1.78499
0.97444 1.77898
0.96378 1.77290
0.95315 1.76676
0.94253 1.76054
0.93194 1.75426
0.92138 1.74790
0.91084 1.74148
0.90032 1.73499
0.88983 1.72842
0.87937 1.72179
0.86894 1.71509
0.85853 1.70832
0.84816 1.70148
0.83782 1.69457
0.82750 1.68759
0.81722 1.68054
0.80698 1.67342
0.79676 1.66623
0.78659 1.65897
0.77645 1.65164
0.76634 1.64424
0.75627 1.63677
0.74624 1.62923
0.73625 1.62163
0.72630 1.61395
0.71639 1.60620
0.70653 1.59839
0.69670 1.59051
0.68692 1.58256
0.67719 1.57454
0.66750 1.56645
0.65785 1.55830
0.64825 1.55007
0.63870 1.54178
0.62920 1.53343
0.61975 1.52501
0.61035 1.51652
0.60100 1.50796
0.59171 1.49934
0.58246 1.49066
0.57327 1.48191
0.56414 1.47309
0.55506 1.46422
0.54603 1.45528
0.53706 1.44627
0.52816 1.43721
0.51930 1.42808
0.51051 1.41889
0.50178 1.40964
0.49311 1.40033
0.48450 1.39096
0.47596 1.38153
0.46747 1.37204
0.45906 1.36250
0.45070 1.35289
0.44241 1.34323
