x y
0.00100 53.12437
0.00602 53.09559
0.01104 53.06679
0.01606 53.03796
0.02108 53.00911
0.02610 52.98025
0.03112 52.95136
0.03614 52.92246
0.04116 52.89354
0.04618 52.86461
0.05120 52.83567
0.05622 52.80671
0.06124 52.77775
0.06626 52.74877
0.07128 52.71979
0.07630 52.69081
0.08132 52.66182
0.08634 52.63283
0.09136 52.60384
0.09638 52.57484
0.10140 52.54586
0.10642 52.51687
0.11144 52.48789
0.11646 52.45892
0.12148 52.42996
0.12650 52.40101
0.13152 52.37207
0.13654 52.34314
0.14156 52.31423
0.14658 52.28534
0.15160 52.25646
0.15662 52.22761
0.16164 52.19878
0.16666 52.16997
0.17168 52.14119
0.17670 52.11243
0.18172 52.08371
0.18674 52.05501
0.19176 52.02635
0.19678 51.99772
0.20180 51.96913
0.20682 51.94058
0.21184 51.91207
0.21686 51.88360
0.22188 51.85517
0.22690 51.82679
0.23192 51.79845
0.23694 51.77017
0.24196 51.74193
0.24698 51.71375
0.25201 51.68563
0.25703 51.65756
0.26205 51.62955
0.26707 51.60159
0.27209 51.57371
0.27711 51.54588
0.28213 51.51813
0.28715 51.49044
0.29217 51.46282
0.29719 51.43527
0.30221 51.40780
0.30723 51.38040
0.31225 51.35308
0.31727 51.32585
0.32229 51.29869
0.32731 51.27162
0.33233 51.24463
0.33735 51.21773
0.34237 51.19093
0.34739 51.16421
0.35241 51.13759
0.35743 51.11106
0.36245 51.08463
0.36747 51.05831
0.37249 51.03208
0.37751 51.00596
0.38253 50.97994
0.38755 50.95403
0.39257 50.92824
0.39759 50.90255
0.40261 50.87698
0.40763 50.85152
0.41265 50.82619
0.41767 50.80097
0.42269 50.77587
0.42771 50.75090
0.43273 50.72606
0.43775 50.70134
0.44277 50.67676
0.44779 50.65231
0.45281 50.62799
0.45783 50.60380
0.46285 50.57976
0.46787 50.55586
0.47289 50.53209
0.47791 50.50848
0.48293 50.48501
0.48795 50.46168
0.49297 50.43851
0.49799 50.41549
0.50301 50.39262
0.50803 50.36991
0.51305 50.34736
0.51807 50.32497
0.52309 50.30274
0.52811 50.28067
0.53313 50.25877
0.53815 50.23704
0.54317 50.21548
0.54819 50.19409
0.55321 50.17287
0.55823 50.15183
0.56325 50.13096
0.56827 50.11028
0.57329 50.08977
0.57831 50.06945
0.58333 50.04931
0.58835 50.02936
0.59337 50.00960
0.59839 49.99003
0.60341 49.97064
0.60843 49.95146
0.61345 49.93246
0.61847 49.91367
0.62349 49.89507
0.62851 49.87668
0.63353 49.85848
0.63855 49.84049
0.64357 49.82271
0.64859 49.80513
0.65361 49.78776
0.65863 49.77060
0.66365 49.75366
0.66867 49.73693
0.67369 49.72041
0.67871 49.70411
0.68373 49.68803
0.68875 49.67217
0.69377 49.65652
0.69879 49.64111
0.70381 49.62591
0.70883 49.61095
0.71385 49.59621
0.71887 49.58170
0.72389 49.56741
0.72891 49.55336
0.73393 49.53955
0.73895 49.52596
0.74397 49.51262
0.74899 49.49951
0.75402 49.48663
0.75904 49.47400
0.76406 49.46161
0.76908 49.44946
0.77410 49.43755
0.77912 49.42588
0.78414 49.41447
0.78916 49.40329
0.79418 49.39237
0.79920 49.38169
0.80422 49.37126
0.80924 49.36109
0.81426 49.35116
0.81928 49.34149
0.82430 49.33207
0.82932 49.32291
0.83434 49.31400
0.83936 49.30535
0.84438 49.29695
0.84940 49.28882
0.85442 49.28094
0.85944 49.27332
0.86446 49.26596
0.86948 49.25886
0.87450 49.25203
0.87952 49.24546
0.88454 49.23915
0.88956 49.23310
0.89458 49.22732
0.89960 49.22180
0.90462 49.21655
0.90964 49.21157
0.91466 49.20685
0.91968 49.20240
0.92470 49.19821
0.92972 49.19430
0.93474 49.19065
0.93976 49.18727
0.94478 49.18416
0.94980 49.18132
0.95482 49.17875
0.95984 49.17645
0.96486 49.17442
0.96988 49.17266
0.97490 49.17117
0.97992 49.16995
0.98494 49.16900
0.98996 49.16832
0.99498 49.16792
1.00000 49.16778
