x y
0.00100 124.59334
0.00602 124.53169
0.01104 124.46895
0.01606 124.40510
0.02108 124.34010
0.02610 124.27395
0.03112 124.20662
0.03614 124.13809
0.04116 124.06833
0.04618 123.99733
0.05120 123.92506
0.05622 123.85149
0.06124 123.77661
0.06626 123.70038
0.07128 123.62279
0.07630 123.54380
0.08132 123.46340
0.08634 123.38156
0.09136 123.29824
0.09638 123.21343
0.10140 123.12709
0.10642 123.03920
0.11144 122.94973
0.11646 122.85865
0.12148 122.76594
0.12650 122.67156
0.13152 122.57548
0.13654 122.47767
0.14156 122.37811
0.14658 122.27676
0.15160 122.17359
0.15662 122.06857
0.16164 121.96167
0.16666 121.85285
0.17168 121.74208
0.17670 121.62933
0.18172 121.51456
0.18674 121.39775
0.19176 121.27884
0.19678 121.15782
0.20180 121.03465
0.20682 120.90929
0.21184 120.78170
0.21686 120.65185
0.22188 120.51970
0.22690 120.38522
0.23192 120.24837
0.23694 120.10911
0.24196 119.96741
0.24698 119.82322
0.25201 119.67652
0.25703 119.52725
0.26205 119.37540
0.26707 119.22090
0.27209 119.06374
0.27711 118.90387
0.28213 118.74125
0.28715 118.57584
0.29217 118.40761
0.29719 118.23652
0.30221 118.06253
0.30723 117.88561
0.31225 117.70571
0.31727 117.52280
0.32229 117.33684
0.32731 117.14780
0.33233 116.95563
0.33735 116.76032
0.34237 116.56181
0.34739 116.36007
0.35241 116.15508
0.35743 115.94680
0.36245 115.73519
0.36747 115.52022
0.37249 115.30187
0.37751 115.08010
0.38253 114.85488
0.38755 114.62619
0.39257 114.39400
0.39759 114.15829
0.40261 113.91902
0.40763 113.67619
0.41265 113.42976
0.41767 113.17972
0.42269 112.92605
0.42771 112.66873
0.43273 112.40775
0.43775 112.14310
0.44277 111.87476
0.44779 111.60274
0.45281 111.32701
0.45783 111.04759
0.46285 110.76446
0.46787 110.47763
0.47289 110.18710
0.47791 109.89288
0.48293 109.59498
0.48795 109.29341
0.49297 108.98819
0.49799 108.67933
0.50301 108.36686
0.50803 108.05080
0.51305 107.73119
0.51807 107.40804
0.52309 107.08140
0.52811 106.75131
0.53313 106.41781
0.53815 106.08095
0.54317 105.74077
0.54819 105.39735
0.55321 105.05072
0.55823 104.70096
0.56325 104.34814
0.56827 103.99233
0.57329 103.63360
0.57831 103.27203
0.58333 102.90772
0.58835 102.54076
0.59337 102.17123
0.59839 101.79924
0.60341 101.42489
0.60843 101.04829
0.61345 100.66956
0.61847 100.28882
0.62349 99.90618
0.62851 99.52179
0.63353 99.13576
0.63855 98.74825
0.64357 98.35939
0.64859 97.96933
0.65361 97.57822
0.65863 97.18622
0.66365 96.79349
0.66867 96.40020
0.67369 96.00651
0.67871 95.61260
0.68373 95.21865
0.68875 94.82484
0.69377 94.43135
0.69879 94.03838
0.70381 93.64612
0.70883 93.25476
0.71385 92.86451
0.71887 92.47556
0.72389 92.08813
0.72891 91.70242
0.73393 91.31864
0.73895 90.93701
0.74397 90.55773
0.74899 90.18103
0.75402 89.80713
0.75904 89.43624
0.76406 89.06858
0.76908 88.70439
0.77410 88.34387
0.77912 87.98725
0.78414 87.63475
0.78916 87.28660
0.79418 86.94302
0.79920 86.60422
0.80422 86.27044
0.80924 85.94188
0.81426 85.61877
0.81928 85.30131
0.82430 84.98973
0.82932 84.68423
0.83434 84.38503
0.83936 84.09232
0.84438 83.80631
0.84940 83.52720
0.85442 83.25519
0.85944 82.99046
0.86446 82.73320
0.86948 82.48360
0.87450 82.24184
0.87952 82.00808
0.88454 81.78250
0.88956 81.56526
0.89458 81.35652
0.89960 81.15643
0.90462 80.96513
0.90964 80.78278
0.91466 80.60949
0.91968 80.44540
0.92470 80.29064
0.92972 80.14531
0.93474 80.00952
0.93976 79.88338
0.94478 79.76698
0.94980 79.66041
0.95482 79.56374
0.95984 79.47705
0.96486 79.40041
0.96988 79.33387
0.97490 79.27748
0.97992 79.23128
0.98494 79.19532
0.98996 79.16961
0.99498 79.15417
1.00000 79.14903
