x y
0.00100 114.30005
0.00602 114.22058
0.01104 114.13989
0.01606 114.05797
0.02108 113.97479
0.02610 113.89035
0.03112 113.80462
0.03614 113.71758
0.04116 113.62922
0.04618 113.53951
0.05120 113.44844
0.05622 113.35598
0.06124 113.26212
0.06626 113.16684
0.07128 113.07011
0.07630 112.97192
0.08132 112.87225
0.08634 112.77107
0.09136 112.66837
0.09638 112.56412
0.10140 112.45831
0.10642 112.35091
0.11144 112.24191
0.11646 112.13127
0.12148 112.01899
0.12650 111.90504
0.13152 111.78939
0.13654 111.67203
0.14156 111.55294
0.14658 111.43209
0.15160 111.30947
0.15662 111.18504
0.16164 111.05880
0.16666 110.93071
0.17168 110.80076
0.17670 110.66893
0.18172 110.53519
0.18674 110.39953
0.19176 110.26192
0.19678 110.12234
0.20180 109.98077
0.20682 109.83719
0.21184 109.69158
0.21686 109.54393
0.22188 109.39420
0.22690 109.24238
0.23192 109.08846
0.23694 108.93240
0.24196 108.77420
0.24698 108.61383
0.25201 108.45128
0.25703 108.28653
0.26205 108.11956
0.26707 107.95035
0.27209 107.77889
0.27711 107.60516
0.28213 107.42915
0.28715 107.25083
0.29217 107.07021
0.29719 106.88726
0.30221 106.70197
0.30723 106.51433
0.31225 106.32433
0.31727 106.13195
0.32229 105.93719
0.32731 105.74004
0.33233 105.54049
0.33735 105.33852
0.34237 105.13415
0.34739 104.92736
0.35241 104.71814
0.35743 104.50649
0.36245 104.29242
0.36747 104.07592
0.37249 103.85698
0.37751 103.63562
0.38253 103.41184
0.38755 103.18564
0.39257 102.95702
0.39759 102.72599
0.40261 102.49256
0.40763 102.25674
0.41265 102.01855
0.41767 101.77799
0.42269 101.53508
0.42771 101.28983
0.43273 101.04227
0.43775 100.79241
0.44277 100.54028
0.44779 100.28590
0.45281 100.02929
0.45783 99.77048
0.46285 99.50950
0.46787 99.24639
0.47289 98.98116
0.47791 98.71387
0.48293 98.44454
0.48795 98.17322
0.49297 97.89994
0.49799 97.62476
0.50301 97.34770
0.50803 97.06884
0.51305 96.78820
0.51807 96.50585
0.52309 96.22185
0.52811 95.93623
0.53313 95.64908
0.53815 95.36044
0.54317 95.07038
0.54819 94.77896
0.55321 94.48626
0.55823 94.19234
0.56325 93.89728
0.56827 93.60115
0.57329 93.30403
0.57831 93.00600
0.58333 92.70714
0.58835 92.40753
0.59337 92.10725
0.59839 91.80641
0.60341 91.50508
0.60843 91.20335
0.61345 90.90134
0.61847 90.59912
0.62349 90.29679
0.62851 89.99447
0.63353 89.69224
0.63855 89.39022
0.64357 89.08850
0.64859 88.78720
0.65361 88.48642
0.65863 88.18627
0.66365 87.88687
0.66867 87.58833
0.67369 87.29076
0.67871 86.99428
0.68373 86.69900
0.68875 86.40505
0.69377 86.11254
0.69879 85.82159
0.70381 85.53232
0.70883 85.24485
0.71385 84.95931
0.71887 84.67582
0.72389 84.39450
0.72891 84.11547
0.73393 83.83885
0.73895 83.56478
0.74397 83.29337
0.74899 83.02475
0.75402 82.75903
0.75904 82.49635
0.76406 82.23683
0.76908 81.98058
0.77410 81.72773
0.77912 81.47840
0.78414 81.23270
0.78916 80.99077
0.79418 80.75271
0.79920 80.51864
0.80422 80.28868
0.80924 80.06294
0.81426 79.84154
0.81928 79.62457
0.82430 79.41217
0.82932 79.20442
0.83434 79.00144
0.83936 78.80333
0.84438 78.61019
0.84940 78.42213
0.85442 78.23923
0.85944 78.06159
0.86446 77.88932
0.86948 77.72248
0.87450 77.56118
0.87952 77.40550
0.88454 77.25552
0.88956 77.11132
0.89458 76.97298
0.89960 76.84056
0.90462 76.71415
0.90964 76.59380
0.91466 76.47959
0.91968 76.37157
0.92470 76.26980
0.92972 76.17433
0.93474 76.08522
0.93976 76.00252
0.94478 75.92627
0.94980 75.85651
0.95482 75.79328
0.95984 75.73661
0.96486 75.68654
0.96988 75.64309
0.97490 75.60628
0.97992 75.57614
0.98494 75.55267
0.98996 75.53591
0.99498 75.52584
1.00000 75.52249
