x y
0.00100 99.73561
0.00602 99.63955
0.01104 99.54238
0.01606 99.44407
0.02108 99.34463
0.02610 99.24405
0.03112 99.14231
0.03614 99.03940
0.04116 98.93532
0.04618 98.83006
0.05120 98.72360
0.05622 98.61594
0.06124 98.50707
0.06626 98.39698
0.07128 98.28566
0.07630 98.17310
0.08132 98.05930
0.08634 97.94425
0.09136 97.82793
0.09638 97.71035
0.10140 97.59149
0.10642 97.47134
0.11144 97.34990
0.11646 97.22716
0.12148 97.10312
0.12650 96.97776
0.13152 96.85108
0.13654 96.72307
0.14156 96.59374
0.14658 96.46306
0.15160 96.33105
0.15662 96.19768
0.16164 96.06296
0.16666 95.92689
0.17168 95.78945
0.17670 95.65064
0.18172 95.51047
0.18674 95.36892
0.19176 95.22600
0.19678 95.08170
0.20180 94.93602
0.20682 94.78896
0.21184 94.64051
0.21686 94.49068
0.22188 94.33947
0.22690 94.18687
0.23192 94.03289
0.23694 93.87753
0.24196 93.72078
0.24698 93.56266
0.25201 93.40316
0.25703 93.24229
0.26205 93.08005
0.26707 92.91644
0.27209 92.75147
0.27711 92.58515
0.28213 92.41747
0.28715 92.24846
0.29217 92.07810
0.29719 91.90642
0.30221 91.73343
0.30723 91.55912
0.31225 91.38351
0.31727 91.20661
0.32229 91.02843
0.32731 90.84899
0.33233 90.66829
0.33735 90.48635
0.34237 90.30318
0.34739 90.11880
0.35241 89.93323
0.35743 89.74648
0.36245 89.55856
0.36747 89.36950
0.37249 89.17931
0.37751 88.98802
0.38253 88.79564
0.38755 88.60219
0.39257 88.40770
0.39759 88.21219
0.40261 88.01569
0.40763 87.81821
0.41265 87.61979
0.41767 87.42044
0.42269 87.22020
0.42771 87.01910
0.43273 86.81716
0.43775 86.61441
0.44277 86.41089
0.44779 86.20662
0.45281 86.00163
0.45783 85.79597
0.46285 85.58966
0.46787 85.38274
0.47289 85.17524
0.47791 84.96720
0.48293 84.75866
0.48795 84.54966
0.49297 84.34023
0.49799 84.13042
0.50301 83.92026
0.50803 83.70980
0.51305 83.49907
0.51807 83.28813
0.52309 83.07701
0.52811 82.86576
0.53313 82.65443
0.53815 82.44305
0.54317 82.23169
0.54819 82.02038
0.55321 81.80917
0.55823 81.59811
0.56325 81.38725
0.56827 81.17664
0.57329 80.96633
0.57831 80.75637
0.58333 80.54682
0.58835 80.33772
0.59337 80.12912
0.59839 79.92109
0.60341 79.71367
0.60843 79.50692
0.61345 79.30090
0.61847 79.09565
0.62349 78.89123
0.62851 78.68770
0.63353 78.48512
0.63855 78.28353
0.64357 78.08300
0.64859 77.88358
0.65361 77.68533
0.65863 77.48831
0.66365 77.29257
0.66867 77.09817
0.67369 76.90517
0.67871 76.71362
0.68373 76.52358
0.68875 76.33512
0.69377 76.14827
0.69879 75.96311
0.70381 75.77969
0.70883 75.59806
0.71385 75.41829
0.71887 75.24042
0.72389 75.06452
0.72891 74.89064
0.73393 74.71883
0.73895 74.54915
0.74397 74.38166
0.74899 74.21640
0.75402 74.05344
0.75904 73.89282
0.76406 73.73461
0.76908 73.57884
0.77410 73.42557
0.77912 73.27486
0.78414 73.12674
0.78916 72.98128
0.79418 72.83853
0.79920 72.69852
0.80422 72.56131
0.80924 72.42694
0.81426 72.29546
0.81928 72.16691
0.82430 72.04135
0.82932 71.91880
0.83434 71.79932
0.83936 71.68294
0.84438 71.56971
0.84940 71.45966
0.85442 71.35284
0.85944 71.24927
0.86446 71.14901
0.86948 71.05207
0.87450 70.95850
0.87952 70.86833
0.88454 70.78159
0.88956 70.69831
0.89458 70.61852
0.89960 70.54224
0.90462 70.46952
0.90964 70.40037
0.91466 70.33481
0.91968 70.27287
0.92470 70.21458
0.92972 70.15994
0.93474 70.10899
0.93976 70.06174
0.94478 70.01821
0.94980 69.97841
0.95482 69.94236
0.95984 69.91007
0.96486 69.88155
0.96988 69.85681
0.97490 69.83586
0.97992 69.81871
0.98494 69.80536
0.98996 69.79583
0.99498 69.79011
1.00000 69.78820
