x y
0.00100 47.14736
0.00602 47.10218
0.01104 47.05702
0.01606 47.01188
0.02108 46.96676
0.02610 46.92167
0.03112 46.87661
0.03614 46.83158
0.04116 46.78658
0.04618 46.74161
0.05120 46.69668
0.05622 46.65179
0.06124 46.60694
0.06626 46.56214
0.07128 46.51737
0.07630 46.47266
0.08132 46.42799
0.08634 46.38338
0.09136 46.33882
0.09638 46.29432
0.10140 46.24987
0.10642 46.20549
0.11144 46.16116
0.11646 46.11691
0.12148 46.07272
0.12650 46.02860
0.13152 45.98455
0.13654 45.94058
0.14156 45.89668
0.14658 45.85287
0.15160 45.80913
0.15662 45.76548
0.16164 45.72191
0.16666 45.67843
0.17168 45.63505
0.17670 45.59175
0.18172 45.54856
0.18674 45.50546
0.19176 45.46246
0.19678 45.41956
0.20180 45.37677
0.20682 45.33408
0.21184 45.29151
0.21686 45.24904
0.22188 45.20669
0.22690 45.16446
0.23192 45.12235
0.23694 45.08036
0.24196 45.03849
0.24698 44.99675
0.25201 44.95514
0.25703 44.91366
0.26205 44.87231
0.26707 44.83110
0.27209 44.79003
0.27711 44.74910
0.28213 44.70831
0.28715 44.66767
0.29217 44.62718
0.29719 44.58683
0.30221 44.54664
0.30723 44.50661
0.31225 44.46673
0.31727 44.42702
0.32229 44.38746
0.32731 44.34807
0.33233 44.30885
0.33735 44.26980
0.34237 44.23092
0.34739 44.19221
0.35241 44.15369
0.35743 44.11534
0.36245 44.07717
0.36747 44.03919
0.37249 44.00139
0.37751 43.96378
0.38253 43.92636
0.38755 43.88914
0.39257 43.85211
0.39759 43.81528
0.40261 43.77866
0.40763 43.74223
0.41265 43.70601
0.41767 43.66999
0.42269 43.63419
0.42771 43.59860
0.43273 43.56322
0.43775 43.52806
0.44277 43.49312
0.44779 43.45839
0.45281 43.42390
0.45783 43.38962
0.46285 43.35558
0.46787 43.32176
0.47289 43.28818
0.47791 43.25483
0.48293 43.22172
0.48795 43.18885
0.49297 43.15622
0.49799 43.12383
0.50301 43.09168
0.50803 43.05979
0.51305 43.02814
0.51807 42.99674
0.52309 42.96560
0.52811 42.93472
0.53313 42.90409
0.53815 42.87372
0.54317 42.84361
0.54819 42.81377
0.55321 42.78419
0.55823 42.75489
0.56325 42.72585
0.56827 42.69708
0.57329 42.66859
0.57831 42.64037
0.58333 42.61243
0.58835 42.58477
0.59337 42.55739
0.59839 42.53029
0.60341 42.50348
0.60843 42.47696
0.61345 42.45072
0.61847 42.42478
0.62349 42.39912
0.62851 42.37377
0.63353 42.34870
0.63855 42.32394
0.64357 42.29947
0.64859 42.27531
0.65361 42.25145
0.65863 42.22789
0.66365 42.20464
0.66867 42.18170
0.67369 42.15906
0.67871 42.13674
0.68373 42.11473
0.68875 42.09303
0.69377 42.07164
0.69879 42.05058
0.70381 42.02983
0.70883 42.00940
0.71385 41.98930
0.71887 41.96951
0.72389 41.95005
0.72891 41.93092
0.73393 41.91211
0.73895 41.89363
0.74397 41.87548
0.74899 41.85766
0.75402 41.84017
0.75904 41.82302
0.76406 41.80620
0.76908 41.78971
0.77410 41.77357
0.77912 41.75776
0.78414 41.74228
0.78916 41.72715
0.79418 41.71236
0.79920 41.69791
0.80422 41.68381
0.80924 41.67005
0.81426 41.65663
0.81928 41.64356
0.82430 41.63084
0.82932 41.61847
0.83434 41.60644
0.83936 41.59477
0.84438 41.58344
0.84940 41.57247
0.85442 41.56185
0.85944 41.55158
0.86446 41.54166
0.86948 41.53210
0.87450 41.52290
0.87952 41.51405
0.88454 41.50555
0.88956 41.49742
0.89458 41.48964
0.89960 41.48222
0.90462 41.47515
0.90964 41.46845
0.91466 41.46211
0.91968 41.45612
0.92470 41.45050
0.92972 41.44524
0.93474 41.44034
0.93976 41.43580
0.94478 41.43162
0.94980 41.42780
0.95482 41.42435
0.95984 41.42126
0.96486 41.41853
0.96988 41.41617
0.97490 41.41417
0.97992 41.41253
0.98494 41.41126
0.98996 41.41035
0.99498 41.40980
1.00000 41.40962
