x y
0.00100 78.44432
0.00602 78.34996
0.01104 78.25501
0.01606 78.15946
0.02108 78.06332
0.02610 77.96659
0.03112 77.86927
0.03614 77.77136
0.04116 77.67286
0.04618 77.57378
0.05120 77.47413
0.05622 77.37389
0.06124 77.27307
0.06626 77.17169
0.07128 77.06973
0.07630 76.96721
0.08132 76.86413
0.08634 76.76048
0.09136 76.65628
0.09638 76.55153
0.10140 76.44622
0.10642 76.34038
0.11144 76.23399
0.11646 76.12707
0.12148 76.01962
0.12650 75.91164
0.13152 75.80315
0.13654 75.69414
0.14156 75.58462
0.14658 75.47459
0.15160 75.36407
0.15662 75.25305
0.16164 75.14155
0.16666 75.02957
0.17168 74.91712
0.17670 74.80420
0.18172 74.69083
0.18674 74.57700
0.19176 74.46273
0.19678 74.34802
0.20180 74.23288
0.20682 74.11733
0.21184 74.00136
0.21686 73.88499
0.22188 73.76822
0.22690 73.65107
0.23192 73.53354
0.23694 73.41564
0.24196 73.29738
0.24698 73.17878
0.25201 73.05984
0.25703 72.94057
0.26205 72.82098
0.26707 72.70108
0.27209 72.58089
0.27711 72.46041
0.28213 72.33966
0.28715 72.21864
0.29217 72.09738
0.29719 71.97587
0.30221 71.85414
0.30723 71.73219
0.31225 71.61003
0.31727 71.48769
0.32229 71.36517
0.32731 71.24249
0.33233 71.11965
0.33735 70.99667
0.34237 70.87357
0.34739 70.75036
0.35241 70.62706
0.35743 70.50367
0.36245 70.38021
0.36747 70.25670
0.37249 70.13315
0.37751 70.00958
0.38253 69.88599
0.38755 69.76241
0.39257 69.63886
0.39759 69.51534
0.40261 69.39187
0.40763 69.26848
0.41265 69.14516
0.41767 69.02195
0.42269 68.89886
0.42771 68.77589
0.43273 68.65308
0.43775 68.53044
0.44277 68.40798
0.44779 68.28572
0.45281 68.16367
0.45783 68.04187
0.46285 67.92031
0.46787 67.79903
0.47289 67.67803
0.47791 67.55734
0.48293 67.43697
0.48795 67.31694
0.49297 67.19727
0.49799 67.07798
0.50301 66.95908
0.50803 66.84060
0.51305 66.72254
0.51807 66.60494
0.52309 66.48780
0.52811 66.37115
0.53313 66.25501
0.53815 66.13939
0.54317 66.02431
0.54819 65.90979
0.55321 65.79585
0.55823 65.68251
0.56325 65.56978
0.56827 65.45769
0.57329 65.34625
0.57831 65.23548
0.58333 65.12541
0.58835 65.01604
0.59337 64.90740
0.59839 64.79951
0.60341 64.69239
0.60843 64.58604
0.61345 64.48050
0.61847 64.37578
0.62349 64.27189
0.62851 64.16887
0.63353 64.06672
0.63855 63.96546
0.64357 63.86511
0.64859 63.76569
0.65361 63.66721
0.65863 63.56971
0.66365 63.47318
0.66867 63.37765
0.67369 63.28314
0.67871 63.18966
0.68373 63.09724
0.68875 63.00588
0.69377 62.91561
0.69879 62.82644
0.70381 62.73838
0.70883 62.65147
0.71385 62.56570
0.71887 62.48110
0.72389 62.39768
0.72891 62.31546
0.73393 62.23446
0.73895 62.15469
0.74397 62.07616
0.74899 61.99888
0.75402 61.92289
0.75904 61.84818
0.76406 61.77478
0.76908 61.70269
0.77410 61.63193
0.77912 61.56252
0.78414 61.49447
0.78916 61.42779
0.79418 61.36249
0.79920 61.29859
0.80422 61.23610
0.80924 61.17504
0.81426 61.11540
0.81928 61.05721
0.82430 61.00048
0.82932 60.94522
0.83434 60.89143
0.83936 60.83913
0.84438 60.78834
0.84940 60.73905
0.85442 60.69129
0.85944 60.64505
0.86446 60.60035
0.86948 60.55720
0.87450 60.51560
0.87952 60.47557
0.88454 60.43711
0.88956 60.40023
0.89458 60.36493
0.89960 60.33123
0.90462 60.29913
0.90964 60.26864
0.91466 60.23976
0.91968 60.21250
0.92470 60.18687
0.92972 60.16286
0.93474 60.14049
0.93976 60.11976
0.94478 60.10067
0.94980 60.08323
0.95482 60.06743
0.95984 60.05330
0.96486 60.04082
0.96988 60.02999
0.97490 60.02083
0.97992 60.01333
0.98494 60.00750
0.98996 60.00333
0.99498 60.00083
1.00000 60.00000
