x y
0.00100 0.00000
0.00602 0.00000
0.01104 0.00000
0.01606 0.00000
0.02108 0.00000
0.02610 0.00000
0.03112 0.00000
0.03614 0.00000
0.04116 0.00000
0.04618 0.00000
0.05120 0.00000
0.05622 0.00000
0.06124 0.00000
0.06626 0.00000
0.07128 0.00000
0.07630 0.00000
0.08132 0.00000
0.08634 0.00000
0.09136 0.00000
0.09638 0.00000
0.10140 0.00000
0.10642 0.00000
0.11144 0.00000
0.11646 0.00000
0.12148 0.00000
0.12650 0.00000
0.13152 0.00000
0.13654 0.00000
0.14156 0.00000
0.14658 0.00000
0.15160 0.00000
0.15662 0.00000
0.16164 0.00000
0.16666 0.00000
0.17168 0.00000
0.17670 0.00000
0.18172 0.00000
0.18674 0.00000
0.19176 0.00000
0.19678 0.00000
0.20180 0.00000
0.20682 0.00000
0.21184 0.00000
0.21686 0.00000
0.22188 0.00000
0.22690 0.00000
0.23192 0.00000
0.23694 0.00000
0.24196 0.00000
0.24698 0.00000
0.25201 0.00000
0.25703 0.00000
0.26205 0.00000
0.26707 0.00000
0.27209 0.00000
0.27711 0.00000
0.28213 0.00000
0.28715 0.00000
0.29217 0.00000
0.29719 0.00000
0.30221 0.00000
0.30723 0.00000
0.31225 0.00000
0.31727 0.00000
0.32229 0.00000
0.32731 0.00000
0.33233 0.00000
0.33735 0.00000
0.34237 0.00000
0.34739 0.00000
0.35241 0.00000
0.35743 0.00000
0.36245 0.00000
0.36747 0.00000
0.37249 0.00000
0.37751 0.00000
0.38253 0.00000
0.38755 0.00000
0.39257 0.00000
0.39759 0.00000
0.40261 0.00000
0.40763 0.00000
0.41265 0.00000
0.41767 0.00000
0.42269 0.00000
0.42771 0.00000
0.43273 0.00000
0.43775 0.00000
0.44277 0.00000
0.44779 0.00000
0.45281 0.00000
0.45783 0.00000
0.46285 0.00000
0.46787 0.00000
0.47289 0.00000
0.47791 0.00000
0.48293 0.00000
0.48795 0.00000
0.49297 0.00000
0.49799 0.00000
0.50301 0.00000
0.50803 0.00000
0.51305 0.00000
0.51807 0.00000
0.52309 0.00000
0.52811 0.00000
0.53313 0.00000
0.53815 0.00000
0.54317 0.00000
0.54819 0.00000
0.55321 0.00000
0.55823 0.00000
0.56325 0.00000
0.56827 0.00000
0.57329 0.00000
0.57831 0.00000
0.58333 0.00000
0.58835 0.00000
0.59337 0.00000
0.59839 0.00000
0.60341 0.00000
0.60843 0.00000
0.61345 0.00000
0.61847 0.00000
0.62349 0.00000
0.62851 0.00000
0.63353 0.00000
0.63855 0.00000
0.64357 0.00000
0.64859 0.00000
0.65361 0.00000
0.65863 0.00000
0.66365 0.00000
0.66867 0.00000
0.67369 0.00000
0.67871 0.00000
0.68373 0.00000
0.68875 0.00000
0.69377 0.00000
0.69879 0.00000
0.70381 0.00000
0.70883 0.00000
0.71385 0.00000
0.71887 0.00000
0.72389 0.00000
0.72891 0.00000
0.73393 0.00000
0.73895 0.00000
0.74397 0.00000
0.74899 0.00000
0.75402 0.00000
0.75904 0.00000
0.76406 0.00000
0.76908 0.00000
0.77410 0.00000
0.77912 0.00000
0.78414 0.00000
0.78916 0.00000
0.79418 0.00000
0.79920 0.00000
0.80422 0.00000
0.80924 0.00000
0.81426 0.00000
0.81928 0.00000
0.82430 0.00000
0.82932 0.00000
0.83434 0.00000
0.83936 0.00000
0.84438 0.00000
0.84940 0.00000
0.85442 0.00000
0.85944 0.00000
0.86446 0.00000
0.86948 0.00000
0.87450 0.00000
0.87952 0.00000
0.88454 0.00000
0.88956 0.00000
0.89458 0.00000
0.89960 0.00000
0.90462 0.00000
0.90964 0.00000
0.91466 0.00000
0.91968 0.00000
0.92470 0.00000
0.92972 0.00000
0.93474 0.00000
0.93976 0.00000
0.94478 0.00000
0.94980 0.00000
0.95482 0.00000
0.95984 0.00000
0.96486 0.00000
0.96988 0.00000
0.97490 0.00000
0.97992 0.00000
0.98494 0.00000
0.98996 0.00000
0.99498 0.00000
1.00000 0.00000
