x y
0.50000 -0.86603
0.49996 -0.85734
0.49985 -0.84862
0.49966 -0.83985
0.49939 -0.83105
0.49904 -0.82220
0.49861 -0.81331
0.49810 -0.80438
0.49750 -0.79542
0.49683 -0.78642
0.49606 -0.77738
0.49521 -0.76830
0.49428 -0.75919
0.49325 -0.75005
0.49214 -0.74088
0.49093 -0.73167
0.48964 -0.72244
0.48825 -0.71317
0.48677 -0.70388
0.48519 -0.69455
0.48352 -0.68521
0.48175 -0.67583
0.47988 -0.66644
0.47791 -0.65702
0.47585 -0.64758
0.47368 -0.63812
0.47142 -0.62865
0.46905 -0.61915
0.46658 -0.60964
0.46400 -0.60012
0.46132 -0.59058
0.45853 -0.58104
0.45564 -0.57148
0.45264 -0.56192
0.44953 -0.55234
0.44631 -0.54277
0.44298 -0.53319
0.43955 -0.52361
0.43600 -0.51403
0.43234 -0.50445
0.42857 -0.49487
0.42469 -0.48530
0.42069 -0.47574
0.41658 -0.46618
0.41236 -0.45664
0.40802 -0.44711
0.40357 -0.43759
0.39901 -0.42809
0.39432 -0.41861
0.38953 -0.40914
0.38462 -0.39970
0.37959 -0.39029
0.37444 -0.38090
0.36918 -0.37153
0.36381 -0.36220
0.35831 -0.35290
0.35271 -0.34363
0.34698 -0.33440
0.34114 -0.32521
0.33519 -0.31606
0.32911 -0.30695
0.32293 -0.29788
0.31663 -0.28886
0.31021 -0.27989
0.30368 -0.27097
0.29704 -0.26210
0.29028 -0.25328
0.28341 -0.24452
0.27643 -0.23582
0.26934 -0.22718
0.26214 -0.21861
0.25482 -0.21010
0.24740 -0.20165
0.23987 -0.19328
0.23223 -0.18497
0.22449 -0.17674
0.21664 -0.16858
0.20869 -0.16050
0.20063 -0.15250
0.19247 -0.14458
0.18421 -0.13674
0.17585 -0.12899
0.16739 -0.12132
0.15884 -0.11374
0.15019 -0.10625
0.14144 -0.09885
0.13260 -0.09155
0.12367 -0.08434
0.11465 -0.07723
0.10554 -0.07021
0.09635 -0.06330
0.08706 -0.05649
0.07770 -0.04978
0.06826 -0.04317
0.05873 -0.03668
0.04913 -0.03029
0.03945 -0.02400
0.02969 -0.01783
0.01986 -0.01178
0.00997 -0.00583
0.00000 -0.00000
