x y
0.02000 0.32397
0.03000 0.32696
0.04000 0.32995
0.05000 0.33294
0.06000 0.33591
0.07000 0.33891
0.08000 0.34187
0.09000 0.34485
0.10000 0.34783
0.11000 0.35079
0.12000 0.35373
0.13000 0.35670
0.14000 0.35964
0.15000 0.36256
0.16000 0.36550
0.17000 0.36841
0.18000 0.37132
0.19000 0.37421
0.20000 0.37710
0.21000 0.37998
0.22000 0.38284
0.23000 0.38569
0.24000 0.38852
0.25000 0.39135
0.26000 0.39415
0.27000 0.39695
0.28000 0.39973
0.29000 0.40250
0.30000 0.40525
0.31000 0.40797
0.32000 0.41069
0.33000 0.41339
0.34000 0.41607
0.35000 0.41872
0.36000 0.42136
0.37000 0.42398
0.38000 0.42659
0.39000 0.42916
0.40000 0.43173
0.41000 0.43426
0.42000 0.43678
0.43000 0.43927
0.44000 0.44174
0.45000 0.44419
0.46000 0.44661
0.47000 0.44902
0.48000 0.45139
0.49000 0.45374
0.50000 0.45606
0.51000 0.45837
0.52000 0.46064
0.53000 0.46288
0.54000 0.46511
0.55000 0.46730
0.56000 0.46947
0.57000 0.47161
0.58000 0.47372
0.59000 0.47580
0.60000 0.47786
0.61000 0.47988
0.62000 0.48188
0.63000 0.48385
0.64000 0.48579
0.65000 0.48770
0.66000 0.48958
0.67000 0.49143
0.68000 0.49325
0.69000 0.49503
0.70000 0.49679
0.71000 0.49851
0.72000 0.50022
0.73000 0.50188
0.74000 0.50351
0.75000 0.50511
0.76000 0.50668
0.77000 0.50821
0.78000 0.50972
0.79000 0.51118
0.80000 0.51263
0.81000 0.51403
0.82000 0.51541
0.83000 0.51675
0.84000 0.51806
0.85000 0.51934
0.86000 0.52058
0.87000 0.52180
0.88000 0.52297
0.89000 0.52413
0.90000 0.52522
0.91000 0.52632
0.92000 0.52735
0.93000 0.52837
0.94000 0.52932
0.95000 0.53032
0.96000 0.53119
0.97000 0.53210
0.98000 0.53293
