x y
0.02000 0.47111
0.03000 0.47284
0.04000 0.47455
0.05000 0.47625
0.06000 0.47794
0.07000 0.47961
0.08000 0.48126
0.09000 0.48290
0.10000 0.48452
0.11000 0.48613
0.12000 0.48772
0.13000 0.48929
0.14000 0.49085
0.15000 0.49239
0.16000 0.49391
0.17000 0.49541
0.18000 0.49689
0.19000 0.49836
0.20000 0.49981
0.21000 0.50124
0.22000 0.50264
0.23000 0.50403
0.24000 0.50540
0.25000 0.50675
0.26000 0.50808
0.27000 0.50939
0.28000 0.51068
0.29000 0.51195
0.30000 0.51319
0.31000 0.51442
0.32000 0.51562
0.33000 0.51680
0.34000 0.51796
0.35000 0.51909
0.36000 0.52020
0.37000 0.52129
0.38000 0.52236
0.39000 0.52340
0.40000 0.52442
0.41000 0.52542
0.42000 0.52639
0.43000 0.52733
0.44000 0.52826
0.45000 0.52915
0.46000 0.53002
0.47000 0.53087
0.48000 0.53169
0.49000 0.53248
0.50000 0.53326
0.51000 0.53400
0.52000 0.53471
0.53000 0.53540
0.54000 0.53607
0.55000 0.53670
0.56000 0.53731
0.57000 0.53789
0.58000 0.53845
0.59000 0.53897
0.60000 0.53947
0.61000 0.53994
0.62000 0.54038
0.63000 0.54079
0.64000 0.54117
0.65000 0.54153
0.66000 0.54185
0.67000 0.54215
0.68000 0.54241
0.69000 0.54265
0.70000 0.54286
0.71000 0.54304
0.72000 0.54318
0.73000 0.54330
0.74000 0.54339
0.75000 0.54344
0.76000 0.54346
0.77000 0.54346
0.78000 0.54342
0.79000 0.54336
0.80000 0.54326
0.81000 0.54313
0.82000 0.54296
0.83000 0.54277
0.84000 0.54254
0.85000 0.54228
0.86000 0.54200
0.87000 0.54167
0.88000 0.54132
0.89000 0.54092
0.90000 0.54052
0.91000 0.54005
0.92000 0.53958
0.93000 0.53906
0.94000 0.53853
0.95000 0.53790
0.96000 0.53733
0.97000 0.53665
0.98000 0.53599
