x y
1.00000 0.00000
0.99966 0.02618
0.99863 0.05234
0.99692 0.07846
0.99452 0.10453
0.99144 0.13053
0.98769 0.15643
0.98325 0.18224
0.97815 0.20791
0.97237 0.23345
0.96593 0.25882
0.95882 0.28402
0.95106 0.30902
0.94264 0.33381
0.93358 0.35837
0.92388 0.38268
0.91355 0.40674
0.90259 0.43051
0.89101 0.45399
0.87882 0.47716
0.86603 0.50000
0.85264 0.52250
0.83867 0.54464
0.82413 0.56641
0.80902 0.58779
0.79335 0.60876
0.77715 0.62932
0.76041 0.64945
0.74314 0.66913
0.72537 0.68835
0.70711 0.70711
0.68835 0.72537
0.66913 0.74314
0.64945 0.76041
0.62932 0.77715
0.60876 0.79335
0.58779 0.80902
0.56641 0.82413
0.54464 0.83867
0.52250 0.85264
0.50000 0.86603
0.47716 0.87882
0.45399 0.89101
0.43051 0.90259
0.40674 0.91355
0.38268 0.92388
0.35837 0.93358
0.33381 0.94264
0.30902 0.95106
0.28402 0.95882
0.25882 0.96593
0.23345 0.97237
0.20791 0.97815
0.18224 0.98325
0.15643 0.98769
0.13053 0.99144
0.10453 0.99452
0.07846 0.99692
0.05234 0.99863
0.02618 0.99966
0.00000 1.00000
-0.02618 0.99966
-0.05234 0.99863
-0.07846 0.99692
-0.10453 0.99452
-0.13053 0.99144
-0.15643 0.98769
-0.18224 0.98325
-0.20791 0.97815
-0.23345 0.97237
-0.25882 0.96593
-0.28402 0.95882
-0.30902 0.95106
-0.33381 0.94264
-0.35837 0.93358
-0.38268 0.92388
-0.40674 0.91355
-0.43051 0.90259
-0.45399 0.89101
-0.47716 0.87882
-0.50000 0.86603
-0.52250 0.85264
-0.54464 0.83867
-0.56641 0.82413
-0.58779 0.80902
-0.60876 0.79335
-0.62932 0.77715
-0.64945 0.76041
-0.66913 0.74314
-0.68835 0.72537
-0.70711 0.70711
-0.72537 0.68835
-0.74314 0.66913
-0.76041 0.64945
-0.77715 0.62932
-0.79335 0.60876
-0.80902 0.58779
-0.82413 0.56641
-0.83867 0.54464
-0.85264 0.52250
-0.86603 0.50000
-0.87882 0.47716
-0.89101 0.45399
-0.90259 0.43051
-0.91355 0.40674
-0.92388 0.38268
-0.93358 0.35837
-0.94264 0.33381
-0.95106 0.30902
-0.95882 0.28402
-0.96593 0.25882
-0.97237 0.23345
-0.97815 0.20791
-0.98325 0.18224
-0.98769 0.15643
-0.99144 0.13053
-0.99452 0.10453
-0.99692 0.07846
-0.99863 0.05234
-0.99966 0.02618
-1.00000 0.00000
-0.99966 -0.02618
-0.99863 -0.05234
-0.99692 -0.07846
-0.99452 -0.10453
-0.99144 -0.13053
-0.98769 -0.15643
-0.98325 -0.18224
-0.97815 -0.20791
-0.97237 -0.23345
-0.96593 -0.25882
-0.95882 -0.28402
-0.95106 -0.30902
-0.94264 -0.33381
-0.93358 -0.35837
-0.92388 -0.38268
-0.91355 -0.40674
-0.90259 -0.43051
-0.89101 -0.45399
-0.87882 -0.47716
-0.86603 -0.50000
-0.85264 -0.52250
-0.83867 -0.54464
-0.82413 -0.56641
-0.80902 -0.58779
-0.79335 -0.60876
-0.77715 -0.62932
-0.76041 -0.64945
-0.74314 -0.66913
-0.72537 -0.68835
-0.70711 -0.70711
-0.68835 -0.72537
-0.66913 -0.74314
-0.64945 -0.76041
-0.62932 -0.77715
-0.60876 -0.79335
-0.58779 -0.80902
-0.56641 -0.82413
-0.54464 -0.83867
-0.52250 -0.85264
-0.50000 -0.86603
-0.47716 -0.87882
-0.45399 -0.89101
-0.43051 -0.90259
-0.40674 -0.91355
-0.38268 -0.92388
-0.35837 -0.93358
-0.33381 -0.94264
-0.30902 -0.95106
-0.28402 -0.95882
-0.25882 -0.96593
-0.23345 -0.97237
-0.20791 -0.97815
-0.18224 -0.98325
-0.15643 -0.98769
-0.13053 -0.99144
-0.10453 -0.99452
-0.07846 -0.99692
-0.05234 -0.99863
-0.02618 -0.99966
-0.00000 -1.00000
0.02618 -0.99966
0.05234 -0.99863
0.07846 -0.99692
0.10453 -0.99452
0.13053 -0.99144
0.15643 -0.98769
0.18224 -0.98325
0.20791 -0.97815
0.23345 -0.97237
0.25882 -0.96593
0.28402 -0.95882
0.30902 -0.95106
0.33381 -0.94264
0.35837 -0.93358
0.38268 -0.92388
0.40674 -0.91355
0.43051 -0.90259
0.45399 -0.89101
0.47716 -0.87882
0.50000 -0.86603
0.52250 -0.85264
0.54464 -0.83867
0.56641 -0.82413
0.58779 -0.80902
0.60876 -0.79335
0.62932 -0.77715
0.64945 -0.76041
0.66913 -0.74314
0.68835 -0.72537
0.70711 -0.70711
0.72537 -0.68835
0.74314 -0.66913
0.76041 -0.64945
0.77715 -0.62932
0.79335 -0.60876
0.80902 -0.58779
0.82413 -0.56641
0.83867 -0.54464
0.85264 -0.52250
0.86603 -0.50000
0.87882 -0.47716
0.89101 -0.45399
0.90259 -0.43051
0.91355 -0.40674
0.92388 -0.38268
0.93358 -0.35837
0.94264 -0.33381
0.95106 -0.30902
0.95882 -0.28402
0.96593 -0.25882
0.97237 -0.23345
0.97815 -0.20791
0.98325 -0.18224
0.98769 -0.15643
0.99144 -0.13053
0.99452 -0.10453
0.99692 -0.07846
0.99863 -0.05234
0.99966 -0.02618
1.00000 -0.00000
