x y
-1.00000 0.00000
-0.99984 -0.01743
-0.99936 -0.03485
-0.99856 -0.05226
-0.99744 -0.06965
-0.99601 -0.08702
-0.99425 -0.10436
-0.99218 -0.12167
-0.98979 -0.13893
-0.98708 -0.15615
-0.98406 -0.17331
-0.98072 -0.19042
-0.97707 -0.20746
-0.97311 -0.22443
-0.96884 -0.24133
-0.96426 -0.25814
-0.95937 -0.27487
-0.95417 -0.29151
-0.94867 -0.30804
-0.94287 -0.32448
-0.93677 -0.34080
-0.93036 -0.35701
-0.92367 -0.37310
-0.91668 -0.38907
-0.90939 -0.40490
-0.90182 -0.42060
-0.89396 -0.43615
-0.88582 -0.45156
-0.87739 -0.46682
-0.86869 -0.48192
-0.85971 -0.49686
-0.85046 -0.51163
-0.84094 -0.52623
-0.83115 -0.54065
-0.82110 -0.55489
-0.81079 -0.56894
-0.80023 -0.58280
-0.78941 -0.59646
-0.77835 -0.60993
-0.76703 -0.62319
-0.75548 -0.63624
-0.74369 -0.64907
-0.73167 -0.66169
-0.71941 -0.67408
-0.70693 -0.68625
-0.69423 -0.69818
-0.68132 -0.70989
-0.66819 -0.72135
-0.65485 -0.73257
-0.64131 -0.74354
-0.62757 -0.75426
-0.61364 -0.76473
-0.59951 -0.77494
-0.58521 -0.78489
-0.57072 -0.79458
-0.55605 -0.80400
-0.54122 -0.81314
-0.52622 -0.82202
-0.51106 -0.83062
-0.49574 -0.83894
-0.48028 -0.84697
-0.46467 -0.85472
-0.44892 -0.86219
-0.43304 -0.86936
-0.41702 -0.87624
-0.40089 -0.88282
-0.38463 -0.88911
-0.36827 -0.89510
-0.35179 -0.90079
-0.33522 -0.90617
-0.31854 -0.91125
-0.30178 -0.91603
-0.28494 -0.92049
-0.26801 -0.92465
-0.25101 -0.92849
-0.23394 -0.93202
-0.21681 -0.93524
-0.19963 -0.93814
-0.18239 -0.94073
-0.16511 -0.94300
-0.14780 -0.94495
-0.13044 -0.94659
-0.11307 -0.94790
-0.09567 -0.94890
-0.07825 -0.94958
-0.06083 -0.94994
-0.04340 -0.94998
-0.02597 -0.94970
-0.00855 -0.94910
0.00885 -0.94818
0.02623 -0.94694
0.04359 -0.94538
0.06092 -0.94350
0.07821 -0.94131
0.09546 -0.93880
0.11265 -0.93597
0.12980 -0.93283
0.14688 -0.92938
0.16390 -0.92561
0.18084 -0.92153
0.19771 -0.91714
0.21449 -0.91244
0.23118 -0.90743
0.24778 -0.90212
0.26428 -0.89651
0.28068 -0.89059
0.29696 -0.88438
0.31312 -0.87786
0.32917 -0.87105
0.34508 -0.86395
0.36086 -0.85656
0.37651 -0.84888
0.39201 -0.84091
0.40736 -0.83266
0.42256 -0.82413
0.43760 -0.81532
0.45247 -0.80624
0.46718 -0.79689
0.48171 -0.78726
0.49606 -0.77738
