x y
0.50000 -0.86603
0.50079 -0.86556
0.50157 -0.86508
0.50234 -0.86458
0.50311 -0.86408
0.50386 -0.86355
0.50461 -0.86302
0.50534 -0.86247
0.50606 -0.86190
0.50678 -0.86133
0.50748 -0.86074
0.50817 -0.86014
0.50885 -0.85952
0.50952 -0.85889
0.51018 -0.85825
0.51083 -0.85760
0.51146 -0.85694
0.51208 -0.85627
0.51269 -0.85558
0.51329 -0.85488
0.51387 -0.85417
0.51444 -0.85346
0.51500 -0.85273
0.51554 -0.85199
0.51607 -0.85124
0.51659 -0.85048
0.51709 -0.84971
0.51758 -0.84894
0.51805 -0.84815
0.51851 -0.84736
0.51896 -0.84656
0.51938 -0.84575
0.51980 -0.84493
0.52020 -0.84410
0.52058 -0.84327
0.52095 -0.84243
0.52131 -0.84158
0.52165 -0.84073
0.52197 -0.83987
0.52227 -0.83901
0.52257 -0.83814
0.52284 -0.83726
0.52310 -0.83638
0.52334 -0.83550
0.52357 -0.83461
0.52378 -0.83372
0.52397 -0.83282
0.52415 -0.83192
0.52431 -0.83102
0.52445 -0.83011
0.52458 -0.82920
0.52469 -0.82829
0.52478 -0.82738
0.52486 -0.82646
0.52492 -0.82555
0.52496 -0.82463
0.52499 -0.82372
0.52500 -0.82280
0.52499 -0.82188
0.52497 -0.82096
0.52493 -0.82005
0.52487 -0.81913
0.52480 -0.81822
0.52471 -0.81731
0.52460 -0.81639
0.52447 -0.81549
0.52433 -0.81458
0.52417 -0.81368
0.52400 -0.81277
0.52381 -0.81188
0.52360 -0.81098
0.52338 -0.81009
0.52314 -0.80921
0.52288 -0.80833
0.52261 -0.80745
0.52232 -0.80658
0.52202 -0.80572
0.52170 -0.80486
0.52136 -0.80400
0.52101 -0.80316
0.52064 -0.80231
0.52026 -0.80148
0.51987 -0.80065
0.51945 -0.79983
0.51903 -0.79902
0.51858 -0.79822
0.51813 -0.79742
0.51766 -0.79664
0.51717 -0.79586
0.51667 -0.79509
0.51616 -0.79433
0.51563 -0.79358
0.51509 -0.79284
0.51453 -0.79211
0.51396 -0.79139
0.51338 -0.79068
0.51279 -0.78998
0.51218 -0.78929
0.51156 -0.78862
0.51093 -0.78795
0.51028 -0.78730
0.50963 -0.78666
0.50896 -0.78603
0.50828 -0.78541
0.50759 -0.78481
0.50689 -0.78422
0.50618 -0.78364
0.50546 -0.78307
0.50472 -0.78252
0.50398 -0.78198
0.50323 -0.78146
0.50247 -0.78094
0.50170 -0.78045
0.50092 -0.77997
0.50013 -0.77950
0.49933 -0.77904
0.49853 -0.77860
0.49771 -0.77818
0.49689 -0.77777
0.49606 -0.77738
