x y
-1.00000 0.00000
-0.99983 -0.01695
-0.99932 -0.03390
-0.99848 -0.05083
-0.99730 -0.06774
-0.99578 -0.08463
-0.99392 -0.10148
-0.99173 -0.11829
-0.98920 -0.13505
-0.98634 -0.15176
-0.98315 -0.16841
-0.97963 -0.18499
-0.97577 -0.20150
-0.97159 -0.21793
-0.96708 -0.23427
-0.96224 -0.25052
-0.95709 -0.26667
-0.95161 -0.28271
-0.94581 -0.29864
-0.93969 -0.31446
-0.93327 -0.33014
-0.92653 -0.34570
-0.91948 -0.36112
-0.91212 -0.37639
-0.90446 -0.39151
-0.89651 -0.40648
-0.88825 -0.42129
-0.87970 -0.43593
-0.87086 -0.45040
-0.86174 -0.46468
-0.85233 -0.47879
-0.84264 -0.49270
-0.83268 -0.50641
-0.82244 -0.51993
-0.81194 -0.53323
-0.80117 -0.54633
-0.79015 -0.55921
-0.77887 -0.57186
-0.76734 -0.58429
-0.75556 -0.59649
-0.74354 -0.60845
-0.73129 -0.62016
-0.71881 -0.63163
-0.70610 -0.64285
-0.69317 -0.65381
-0.68002 -0.66452
-0.66666 -0.67495
-0.65310 -0.68512
-0.63933 -0.69502
-0.62537 -0.70464
-0.61123 -0.71398
-0.59689 -0.72304
-0.58239 -0.73181
-0.56770 -0.74029
-0.55286 -0.74847
-0.53785 -0.75635
-0.52269 -0.76394
-0.50738 -0.77122
-0.49193 -0.77819
-0.47634 -0.78486
-0.46062 -0.79121
-0.44478 -0.79725
-0.42882 -0.80297
-0.41275 -0.80837
-0.39658 -0.81345
-0.38031 -0.81820
-0.36394 -0.82264
-0.34749 -0.82674
-0.33097 -0.83051
-0.31437 -0.83396
-0.29770 -0.83707
-0.28098 -0.83985
-0.26420 -0.84229
-0.24738 -0.84440
-0.23052 -0.84618
-0.21363 -0.84762
-0.19671 -0.84872
-0.17978 -0.84948
-0.16283 -0.84990
-0.14588 -0.84999
-0.12893 -0.84974
-0.11198 -0.84915
-0.09506 -0.84822
-0.07815 -0.84696
-0.06127 -0.84536
-0.04443 -0.84342
-0.02763 -0.84115
-0.01088 -0.83854
0.00582 -0.83560
0.02245 -0.83232
0.03901 -0.82872
0.05550 -0.82478
0.07191 -0.82052
0.08823 -0.81593
0.10446 -0.81102
0.12058 -0.80578
0.13660 -0.80023
0.15250 -0.79435
0.16828 -0.78816
0.18394 -0.78166
0.19946 -0.77484
0.21484 -0.76772
0.23008 -0.76029
0.24517 -0.75256
0.26010 -0.74453
0.27487 -0.73620
0.28947 -0.72758
0.30389 -0.71867
0.31813 -0.70947
0.33219 -0.70000
0.34605 -0.69024
0.35972 -0.68021
0.37318 -0.66991
0.38644 -0.65934
0.39948 -0.64851
0.41231 -0.63743
0.42491 -0.62608
0.43728 -0.61449
0.44942 -0.60266
0.46132 -0.59058
