x y
0.50000 -0.86603
0.50258 -0.86450
0.50512 -0.86293
0.50763 -0.86131
0.51011 -0.85964
0.51256 -0.85791
0.51497 -0.85614
0.51735 -0.85432
0.51969 -0.85246
0.52199 -0.85055
0.52425 -0.84859
0.52647 -0.84659
0.52866 -0.84454
0.53080 -0.84245
0.53290 -0.84032
0.53496 -0.83815
0.53697 -0.83594
0.53894 -0.83368
0.54086 -0.83139
0.54274 -0.82906
0.54457 -0.82670
0.54635 -0.82429
0.54808 -0.82186
0.54977 -0.81938
0.55140 -0.81688
0.55299 -0.81434
0.55452 -0.81177
0.55601 -0.80918
0.55744 -0.80655
0.55882 -0.80389
0.56014 -0.80121
0.56141 -0.79850
0.56263 -0.79577
0.56379 -0.79301
0.56490 -0.79023
0.56595 -0.78743
0.56695 -0.78461
0.56788 -0.78177
0.56877 -0.77891
0.56959 -0.77604
0.57036 -0.77315
0.57107 -0.77024
0.57172 -0.76732
0.57231 -0.76439
0.57285 -0.76144
0.57332 -0.75849
0.57374 -0.75553
0.57410 -0.75256
0.57440 -0.74958
0.57463 -0.74660
0.57481 -0.74361
0.57493 -0.74062
0.57499 -0.73763
0.57499 -0.73464
0.57493 -0.73165
0.57481 -0.72866
0.57464 -0.72567
0.57440 -0.72269
0.57410 -0.71971
0.57374 -0.71674
0.57333 -0.71378
0.57285 -0.71083
0.57232 -0.70788
0.57173 -0.70495
0.57107 -0.70203
0.57037 -0.69912
0.56960 -0.69623
0.56877 -0.69336
0.56789 -0.69050
0.56695 -0.68766
0.56596 -0.68484
0.56491 -0.68203
0.56380 -0.67925
0.56264 -0.67650
0.56142 -0.67376
0.56015 -0.67106
0.55883 -0.66837
0.55745 -0.66572
0.55602 -0.66309
0.55454 -0.66049
0.55300 -0.65792
0.55142 -0.65539
0.54978 -0.65288
0.54810 -0.65041
0.54637 -0.64797
0.54458 -0.64557
0.54275 -0.64320
0.54088 -0.64087
0.53895 -0.63858
0.53699 -0.63633
0.53497 -0.63411
0.53292 -0.63194
0.53082 -0.62981
0.52868 -0.62772
0.52649 -0.62567
0.52427 -0.62367
0.52201 -0.62171
0.51971 -0.61980
0.51737 -0.61794
0.51499 -0.61612
0.51258 -0.61435
0.51014 -0.61262
0.50766 -0.61095
0.50514 -0.60933
0.50260 -0.60775
0.50002 -0.60623
0.49742 -0.60476
0.49478 -0.60334
0.49212 -0.60198
0.48943 -0.60067
0.48672 -0.59941
0.48398 -0.59820
0.48122 -0.59705
0.47843 -0.59596
0.47563 -0.59492
0.47280 -0.59394
0.46996 -0.59302
0.46709 -0.59215
0.46421 -0.59134
0.46132 -0.59058
