x y
0.50000 -0.86603
0.50466 -0.86327
0.50927 -0.86040
0.51381 -0.85744
0.51828 -0.85439
0.52269 -0.85123
0.52702 -0.84799
0.53129 -0.84464
0.53548 -0.84121
0.53960 -0.83769
0.54364 -0.83407
0.54760 -0.83038
0.55148 -0.82659
0.55528 -0.82273
0.55899 -0.81878
0.56261 -0.81475
0.56615 -0.81064
0.56960 -0.80646
0.57295 -0.80221
0.57622 -0.79788
0.57939 -0.79349
0.58246 -0.78902
0.58543 -0.78449
0.58831 -0.77990
0.59109 -0.77525
0.59376 -0.77053
0.59633 -0.76576
0.59880 -0.76094
0.60116 -0.75606
0.60342 -0.75113
0.60557 -0.74616
0.60761 -0.74114
0.60954 -0.73608
0.61136 -0.73097
0.61307 -0.72583
0.61467 -0.72065
0.61615 -0.71544
0.61752 -0.71020
0.61878 -0.70493
0.61993 -0.69963
0.62096 -0.69431
0.62187 -0.68897
0.62267 -0.68361
0.62335 -0.67823
0.62391 -0.67284
0.62436 -0.66744
0.62469 -0.66203
0.62490 -0.65662
0.62499 -0.65120
0.62497 -0.64578
0.62483 -0.64036
0.62458 -0.63495
0.62420 -0.62954
0.62371 -0.62415
0.62310 -0.61876
0.62238 -0.61339
0.62153 -0.60804
0.62058 -0.60270
0.61951 -0.59739
0.61832 -0.59210
0.61702 -0.58684
0.61560 -0.58161
0.61407 -0.57641
0.61243 -0.57125
0.61068 -0.56612
0.60882 -0.56103
0.60684 -0.55599
0.60476 -0.55098
0.60257 -0.54603
0.60028 -0.54112
0.59787 -0.53626
0.59537 -0.53146
0.59275 -0.52671
0.59004 -0.52202
0.58723 -0.51738
0.58431 -0.51282
0.58130 -0.50831
0.57819 -0.50387
0.57499 -0.49950
0.57169 -0.49520
0.56830 -0.49098
0.56482 -0.48682
0.56125 -0.48275
0.55759 -0.47875
0.55384 -0.47483
0.55001 -0.47100
0.54610 -0.46725
0.54211 -0.46358
0.53804 -0.46000
0.53390 -0.45651
0.52968 -0.45311
0.52538 -0.44981
0.52102 -0.44659
0.51659 -0.44348
0.51209 -0.44046
0.50752 -0.43753
0.50290 -0.43471
0.49821 -0.43199
0.49347 -0.42937
0.48867 -0.42685
0.48382 -0.42444
0.47891 -0.42214
0.47396 -0.41994
0.46896 -0.41785
0.46392 -0.41587
0.45883 -0.41399
0.45371 -0.41223
0.44854 -0.41058
0.44335 -0.40904
0.43812 -0.40762
0.43286 -0.40631
0.42758 -0.40511
0.42227 -0.40403
0.41693 -0.40306
0.41158 -0.40221
0.40621 -0.40148
0.40083 -0.40086
0.39543 -0.40036
0.39003 -0.39997
0.38462 -0.39970
