x y
-1.00000 0.00000
-0.99982 -0.01626
-0.99930 -0.03250
-0.99841 -0.04874
-0.99718 -0.06495
-0.99560 -0.08113
-0.99367 -0.09727
-0.99138 -0.11337
-0.98875 -0.12941
-0.98577 -0.14539
-0.98245 -0.16130
-0.97878 -0.17714
-0.97477 -0.19290
-0.97042 -0.20856
-0.96573 -0.22413
-0.96070 -0.23959
-0.95534 -0.25494
-0.94965 -0.27016
-0.94363 -0.28527
-0.93728 -0.30023
-0.93062 -0.31506
-0.92363 -0.32974
-0.91632 -0.34426
-0.90870 -0.35862
-0.90077 -0.37282
-0.89254 -0.38683
-0.88401 -0.40067
-0.87517 -0.41432
-0.86605 -0.42777
-0.85663 -0.44102
-0.84693 -0.45407
-0.83694 -0.46690
-0.82669 -0.47951
-0.81616 -0.49190
-0.80536 -0.50406
-0.79431 -0.51597
-0.78300 -0.52765
-0.77143 -0.53908
-0.75963 -0.55026
-0.74758 -0.56117
-0.73530 -0.57183
-0.72279 -0.58221
-0.71006 -0.59232
-0.69711 -0.60215
-0.68396 -0.61170
-0.67060 -0.62097
-0.65704 -0.62994
-0.64329 -0.63861
-0.62935 -0.64699
-0.61524 -0.65506
-0.60096 -0.66282
-0.58651 -0.67027
-0.57190 -0.67741
-0.55714 -0.68422
-0.54224 -0.69072
-0.52720 -0.69689
-0.51203 -0.70274
-0.49674 -0.70825
-0.48133 -0.71343
-0.46581 -0.71828
-0.45019 -0.72279
-0.43448 -0.72696
-0.41868 -0.73079
-0.40280 -0.73427
-0.38685 -0.73741
-0.37083 -0.74020
-0.35476 -0.74265
-0.33864 -0.74474
-0.32247 -0.74649
-0.30628 -0.74789
-0.29005 -0.74893
-0.27381 -0.74962
-0.25756 -0.74996
-0.24130 -0.74995
-0.22505 -0.74958
-0.20881 -0.74887
-0.19258 -0.74780
-0.17639 -0.74638
-0.16023 -0.74461
-0.14411 -0.74249
-0.12804 -0.74002
-0.11203 -0.73720
-0.09608 -0.73404
-0.08021 -0.73053
-0.06442 -0.72668
-0.04871 -0.72248
-0.03310 -0.71795
-0.01759 -0.71308
-0.00218 -0.70788
0.01310 -0.70234
0.02826 -0.69647
0.04329 -0.69027
0.05819 -0.68376
0.07293 -0.67691
0.08753 -0.66976
0.10197 -0.66228
0.11624 -0.65450
0.13034 -0.64641
0.14426 -0.63801
0.15800 -0.62932
0.17154 -0.62032
0.18489 -0.61104
0.19803 -0.60147
0.21096 -0.59162
0.22368 -0.58149
0.23617 -0.57109
0.24843 -0.56041
0.26046 -0.54948
0.27225 -0.53829
0.28380 -0.52684
0.29509 -0.51514
0.30613 -0.50321
0.31691 -0.49104
0.32742 -0.47863
0.33766 -0.46601
0.34762 -0.45316
0.35730 -0.44010
0.36670 -0.42683
0.37580 -0.41337
0.38462 -0.39970
