x y
-1.00000 0.00000
-0.99982 -0.01528
-0.99928 -0.03056
-0.99838 -0.04582
-0.99713 -0.06106
-0.99551 -0.07626
-0.99354 -0.09141
-0.99121 -0.10652
-0.98853 -0.12157
-0.98549 -0.13655
-0.98211 -0.15146
-0.97837 -0.16628
-0.97429 -0.18101
-0.96986 -0.19564
-0.96509 -0.21016
-0.95997 -0.22457
-0.95452 -0.23885
-0.94874 -0.25300
-0.94263 -0.26701
-0.93618 -0.28087
-0.92942 -0.29458
-0.92233 -0.30812
-0.91492 -0.32150
-0.90721 -0.33469
-0.89918 -0.34770
-0.89086 -0.36052
-0.88223 -0.37314
-0.87331 -0.38555
-0.86410 -0.39775
-0.85460 -0.40973
-0.84483 -0.42148
-0.83478 -0.43300
-0.82446 -0.44428
-0.81388 -0.45532
-0.80305 -0.46610
-0.79196 -0.47662
-0.78063 -0.48688
-0.76906 -0.49688
-0.75726 -0.50659
-0.74524 -0.51603
-0.73299 -0.52518
-0.72054 -0.53404
-0.70788 -0.54261
-0.69502 -0.55087
-0.68197 -0.55883
-0.66874 -0.56649
-0.65533 -0.57382
-0.64175 -0.58085
-0.62801 -0.58755
-0.61412 -0.59392
-0.60008 -0.59997
-0.58590 -0.60568
-0.57159 -0.61106
-0.55716 -0.61610
-0.54262 -0.62081
-0.52796 -0.62516
-0.51321 -0.62918
-0.49837 -0.63284
-0.48345 -0.63615
-0.46845 -0.63912
-0.45339 -0.64172
-0.43827 -0.64398
-0.42311 -0.64588
-0.40790 -0.64742
-0.39266 -0.64860
-0.37739 -0.64942
-0.36212 -0.64989
-0.34683 -0.64999
-0.33155 -0.64974
-0.31627 -0.64912
-0.30102 -0.64815
-0.28579 -0.64682
-0.27060 -0.64513
-0.25545 -0.64309
-0.24035 -0.64068
-0.22532 -0.63793
-0.21035 -0.63482
-0.19546 -0.63136
-0.18066 -0.62755
-0.16595 -0.62340
-0.15134 -0.61890
-0.13684 -0.61405
-0.12246 -0.60887
-0.10820 -0.60335
-0.09408 -0.59750
-0.08010 -0.59132
-0.06627 -0.58481
-0.05260 -0.57797
-0.03909 -0.57082
-0.02575 -0.56335
-0.01259 -0.55557
0.00038 -0.54748
0.01315 -0.53909
0.02573 -0.53040
0.03810 -0.52142
0.05025 -0.51215
0.06219 -0.50260
0.07389 -0.49276
0.08536 -0.48266
0.09659 -0.47229
0.10757 -0.46166
0.11830 -0.45077
0.12877 -0.43963
0.13898 -0.42825
0.14891 -0.41663
0.15857 -0.40479
0.16795 -0.39272
0.17704 -0.38043
0.18584 -0.36793
0.19435 -0.35523
0.20255 -0.34233
0.21045 -0.32924
0.21803 -0.31597
0.22531 -0.30252
0.23226 -0.28891
0.23890 -0.27514
0.24520 -0.26122
0.25118 -0.24715
0.25683 -0.23294
0.26214 -0.21861
