x y
0.50000 -0.86603
0.50708 -0.86183
0.51406 -0.85746
0.52093 -0.85293
0.52770 -0.84825
0.53435 -0.84340
0.54089 -0.83840
0.54731 -0.83325
0.55360 -0.82795
0.55977 -0.82250
0.56581 -0.81690
0.57172 -0.81117
0.57749 -0.80530
0.58312 -0.79930
0.58860 -0.79316
0.59395 -0.78690
0.59914 -0.78051
0.60418 -0.77401
0.60907 -0.76738
0.61380 -0.76065
0.61837 -0.75380
0.62277 -0.74685
0.62702 -0.73980
0.63109 -0.73265
0.63500 -0.72540
0.63873 -0.71807
0.64230 -0.71065
0.64568 -0.70314
0.64889 -0.69556
0.65192 -0.68791
0.65477 -0.68019
0.65744 -0.67240
0.65992 -0.66455
0.66222 -0.65665
0.66433 -0.64869
0.66625 -0.64069
0.66798 -0.63265
0.66953 -0.62456
0.67088 -0.61644
0.67205 -0.60829
0.67302 -0.60012
0.67380 -0.59193
0.67438 -0.58372
0.67477 -0.57549
0.67497 -0.56727
0.67498 -0.55903
0.67479 -0.55081
0.67441 -0.54258
0.67383 -0.53437
0.67307 -0.52618
0.67211 -0.51800
0.67095 -0.50985
0.66961 -0.50173
0.66808 -0.49365
0.66635 -0.48560
0.66444 -0.47759
0.66234 -0.46963
0.66005 -0.46173
0.65758 -0.45388
0.65492 -0.44609
0.65209 -0.43836
0.64907 -0.43070
0.64587 -0.42312
0.64249 -0.41561
0.63894 -0.40819
0.63521 -0.40085
0.63132 -0.39360
0.62725 -0.38644
0.62302 -0.37938
0.61862 -0.37242
0.61406 -0.36557
0.60934 -0.35883
0.60446 -0.35220
0.59943 -0.34569
0.59424 -0.33929
0.58891 -0.33302
0.58343 -0.32688
0.57781 -0.32087
0.57205 -0.31499
0.56615 -0.30925
0.56012 -0.30365
0.55396 -0.29819
0.54767 -0.29288
0.54126 -0.28772
0.53473 -0.28271
0.52808 -0.27786
0.52132 -0.27316
0.51445 -0.26862
0.50748 -0.26425
0.50040 -0.26004
0.49323 -0.25600
0.48597 -0.25213
0.47862 -0.24843
0.47118 -0.24490
0.46366 -0.24156
0.45607 -0.23838
0.44840 -0.23539
0.44066 -0.23258
0.43286 -0.22995
0.42500 -0.22751
0.41709 -0.22525
0.40912 -0.22318
0.40111 -0.22129
0.39305 -0.21960
0.38496 -0.21809
0.37684 -0.21678
0.36868 -0.21565
0.36051 -0.21472
0.35231 -0.21398
0.34409 -0.21344
0.33587 -0.21309
0.32764 -0.21293
0.31941 -0.21296
0.31118 -0.21319
0.30296 -0.21361
0.29476 -0.21423
0.28656 -0.21503
0.27839 -0.21603
0.27025 -0.21723
0.26214 -0.21861
