x y
0.50000 -0.86603
0.50984 -0.86018
0.51952 -0.85408
0.52905 -0.84774
0.53841 -0.84116
0.54760 -0.83435
0.55662 -0.82730
0.56545 -0.82002
0.57410 -0.81253
0.58255 -0.80481
0.59081 -0.79689
0.59885 -0.78875
0.60669 -0.78042
0.61432 -0.77188
0.62173 -0.76316
0.62891 -0.75425
0.63586 -0.74516
0.64258 -0.73590
0.64906 -0.72647
0.65530 -0.71688
0.66130 -0.70713
0.66704 -0.69723
0.67253 -0.68719
0.67776 -0.67701
0.68274 -0.66671
0.68745 -0.65628
0.69189 -0.64573
0.69606 -0.63508
0.69996 -0.62432
0.70359 -0.61347
0.70694 -0.60252
0.71001 -0.59150
0.71280 -0.58040
0.71530 -0.56923
0.71752 -0.55801
0.71946 -0.54673
0.72110 -0.53540
0.72246 -0.52404
0.72353 -0.51265
0.72431 -0.50123
0.72480 -0.48980
0.72500 -0.47836
0.72490 -0.46691
0.72452 -0.45548
0.72384 -0.44405
0.72288 -0.43265
0.72162 -0.42128
0.72008 -0.40994
0.71825 -0.39864
0.71613 -0.38740
0.71372 -0.37621
0.71104 -0.36508
0.70807 -0.35403
0.70482 -0.34306
0.70129 -0.33217
0.69749 -0.32138
0.69341 -0.31069
0.68906 -0.30010
0.68445 -0.28963
0.67957 -0.27928
0.67443 -0.26906
0.66903 -0.25897
0.66338 -0.24902
0.65747 -0.23921
0.65132 -0.22957
0.64492 -0.22008
0.63829 -0.21075
0.63142 -0.20160
0.62432 -0.19263
0.61699 -0.18384
0.60944 -0.17523
0.60168 -0.16683
0.59370 -0.15862
0.58552 -0.15062
0.57714 -0.14283
0.56856 -0.13525
0.55979 -0.12790
0.55084 -0.12077
0.54171 -0.11387
0.53241 -0.10721
0.52294 -0.10078
0.51331 -0.09460
0.50353 -0.08866
0.49360 -0.08298
0.48353 -0.07754
0.47332 -0.07237
0.46298 -0.06746
0.45253 -0.06281
0.44195 -0.05843
0.43127 -0.05432
0.42049 -0.05048
0.40962 -0.04692
0.39866 -0.04364
0.38761 -0.04063
0.37650 -0.03791
0.36532 -0.03547
0.35408 -0.03332
0.34279 -0.03145
0.33146 -0.02987
0.32008 -0.02858
0.30869 -0.02758
0.29726 -0.02687
0.28583 -0.02644
0.27439 -0.02631
0.26294 -0.02648
0.25151 -0.02693
0.24009 -0.02767
0.22869 -0.02870
0.21733 -0.03003
0.20600 -0.03164
0.19471 -0.03353
0.18348 -0.03572
0.17230 -0.03819
0.16120 -0.04094
0.15016 -0.04398
0.13921 -0.04729
0.12834 -0.05088
0.11757 -0.05475
0.10691 -0.05889
0.09635 -0.06330
