x y
-1.00000 0.00000
-0.99982 -0.01399
-0.99929 -0.02796
-0.99840 -0.04192
-0.99716 -0.05585
-0.99556 -0.06975
-0.99361 -0.08360
-0.99131 -0.09739
-0.98866 -0.11112
-0.98566 -0.12479
-0.98231 -0.13837
-0.97862 -0.15186
-0.97459 -0.16525
-0.97022 -0.17854
-0.96551 -0.19171
-0.96047 -0.20475
-0.95510 -0.21767
-0.94940 -0.23044
-0.94338 -0.24306
-0.93704 -0.25553
-0.93038 -0.26783
-0.92342 -0.27996
-0.91614 -0.29191
-0.90857 -0.30367
-0.90070 -0.31523
-0.89254 -0.32659
-0.88409 -0.33773
-0.87536 -0.34866
-0.86636 -0.35937
-0.85709 -0.36984
-0.84755 -0.38007
-0.83776 -0.39006
-0.82771 -0.39979
-0.81743 -0.40926
-0.80690 -0.41848
-0.79615 -0.42741
-0.78516 -0.43608
-0.77397 -0.44446
-0.76256 -0.45255
-0.75095 -0.46036
-0.73915 -0.46786
-0.72716 -0.47506
-0.71499 -0.48195
-0.70265 -0.48854
-0.69015 -0.49480
-0.67749 -0.50075
-0.66468 -0.50637
-0.65173 -0.51167
-0.63866 -0.51663
-0.62546 -0.52126
-0.61215 -0.52555
-0.59873 -0.52951
-0.58522 -0.53312
-0.57162 -0.53638
-0.55794 -0.53930
-0.54419 -0.54187
-0.53038 -0.54409
-0.51652 -0.54596
-0.50262 -0.54748
-0.48868 -0.54864
-0.47472 -0.54944
-0.46074 -0.54990
-0.44675 -0.54999
-0.43277 -0.54973
-0.41879 -0.54911
-0.40484 -0.54814
-0.39092 -0.54682
-0.37703 -0.54514
-0.36320 -0.54311
-0.34941 -0.54072
-0.33570 -0.53799
-0.32205 -0.53491
-0.30849 -0.53148
-0.29502 -0.52771
-0.28166 -0.52360
-0.26840 -0.51915
-0.25525 -0.51437
-0.24224 -0.50925
-0.22936 -0.50380
-0.21662 -0.49803
-0.20403 -0.49193
-0.19160 -0.48552
-0.17934 -0.47879
-0.16725 -0.47175
-0.15534 -0.46441
-0.14363 -0.45677
-0.13212 -0.44883
-0.12081 -0.44060
-0.10971 -0.43209
-0.09883 -0.42330
-0.08818 -0.41423
-0.07776 -0.40490
-0.06759 -0.39530
-0.05766 -0.38545
-0.04799 -0.37535
-0.03857 -0.36500
-0.02942 -0.35442
-0.02055 -0.34361
-0.01195 -0.33258
-0.00363 -0.32134
0.00439 -0.30988
0.01212 -0.29823
0.01956 -0.28638
0.02669 -0.27435
0.03351 -0.26214
0.04002 -0.24976
0.04621 -0.23722
0.05208 -0.22452
0.05763 -0.21168
0.06285 -0.19871
0.06774 -0.18560
0.07229 -0.17238
0.07650 -0.15904
0.08038 -0.14560
0.08391 -0.13207
0.08709 -0.11845
0.08993 -0.10475
0.09242 -0.09099
0.09456 -0.07717
0.09635 -0.06330
