x y
-1.00000 0.00000
-0.99983 -0.01320
-0.99930 -0.02639
-0.99843 -0.03956
-0.99721 -0.05270
-0.99565 -0.06581
-0.99374 -0.07887
-0.99149 -0.09187
-0.98889 -0.10482
-0.98595 -0.11769
-0.98268 -0.13047
-0.97906 -0.14317
-0.97512 -0.15576
-0.97084 -0.16825
-0.96624 -0.18062
-0.96131 -0.19287
-0.95605 -0.20497
-0.95048 -0.21694
-0.94460 -0.22876
-0.93841 -0.24041
-0.93191 -0.25190
-0.92511 -0.26322
-0.91801 -0.27435
-0.91062 -0.28528
-0.90295 -0.29602
-0.89500 -0.30656
-0.88677 -0.31688
-0.87827 -0.32698
-0.86950 -0.33685
-0.86048 -0.34648
-0.85121 -0.35588
-0.84170 -0.36503
-0.83194 -0.37392
-0.82196 -0.38255
-0.81174 -0.39092
-0.80132 -0.39901
-0.79068 -0.40682
-0.77984 -0.41435
-0.76880 -0.42160
-0.75758 -0.42855
-0.74618 -0.43520
-0.73461 -0.44154
-0.72287 -0.44758
-0.71098 -0.45331
-0.69894 -0.45872
-0.68676 -0.46381
-0.67445 -0.46858
-0.66202 -0.47302
-0.64948 -0.47713
-0.63683 -0.48091
-0.62409 -0.48436
-0.61126 -0.48746
-0.59835 -0.49023
-0.58538 -0.49266
-0.57234 -0.49474
-0.55926 -0.49648
-0.54613 -0.49787
-0.53298 -0.49891
-0.51979 -0.49961
-0.50660 -0.49996
-0.49340 -0.49996
-0.48021 -0.49961
-0.46702 -0.49891
-0.45387 -0.49787
-0.44074 -0.49648
-0.42766 -0.49474
-0.41462 -0.49266
-0.40165 -0.49023
-0.38874 -0.48746
-0.37591 -0.48436
-0.36317 -0.48091
-0.35052 -0.47713
-0.33798 -0.47302
-0.32555 -0.46858
-0.31324 -0.46381
-0.30106 -0.45872
-0.28902 -0.45331
-0.27713 -0.44758
-0.26539 -0.44154
-0.25382 -0.43520
-0.24242 -0.42855
-0.23120 -0.42160
-0.22016 -0.41435
-0.20932 -0.40682
-0.19868 -0.39901
-0.18826 -0.39092
-0.17804 -0.38255
-0.16806 -0.37392
-0.15830 -0.36503
-0.14879 -0.35588
-0.13952 -0.34648
-0.13050 -0.33685
-0.12173 -0.32698
-0.11323 -0.31688
-0.10500 -0.30656
-0.09705 -0.29602
-0.08938 -0.28528
-0.08199 -0.27435
-0.07489 -0.26322
-0.06809 -0.25190
-0.06159 -0.24041
-0.05540 -0.22876
-0.04952 -0.21694
-0.04395 -0.20497
-0.03869 -0.19287
-0.03376 -0.18062
-0.02916 -0.16825
-0.02488 -0.15576
-0.02094 -0.14317
-0.01732 -0.13047
-0.01405 -0.11769
-0.01111 -0.10482
-0.00851 -0.09187
-0.00626 -0.07887
-0.00435 -0.06581
-0.00279 -0.05270
-0.00157 -0.03956
-0.00070 -0.02639
-0.00017 -0.01320
0.00000 -0.00000
