x y
0.50000 -0.86603
0.51134 -0.85928
0.52250 -0.85223
0.53348 -0.84489
0.54425 -0.83726
0.55482 -0.82935
0.56517 -0.82117
0.57531 -0.81272
0.58522 -0.80400
0.59489 -0.79502
0.60433 -0.78579
0.61352 -0.77631
0.62245 -0.76660
0.63113 -0.75665
0.63954 -0.74647
0.64768 -0.73608
0.65554 -0.72548
0.66312 -0.71467
0.67041 -0.70367
0.67741 -0.69248
0.68411 -0.68111
0.69051 -0.66956
0.69660 -0.65785
0.70238 -0.64598
0.70784 -0.63397
0.71299 -0.62181
0.71781 -0.60952
0.72230 -0.59711
0.72647 -0.58459
0.73031 -0.57196
0.73381 -0.55923
0.73697 -0.54642
0.73979 -0.53352
0.74228 -0.52056
0.74442 -0.50753
0.74621 -0.49446
0.74766 -0.48134
0.74876 -0.46818
0.74952 -0.45501
0.74992 -0.44181
0.74998 -0.42861
0.74969 -0.41542
0.74905 -0.40223
0.74807 -0.38907
0.74673 -0.37594
0.74505 -0.36285
0.74303 -0.34980
0.74066 -0.33682
0.73795 -0.32390
0.73490 -0.31106
0.73151 -0.29830
0.72779 -0.28564
0.72373 -0.27307
0.71934 -0.26063
0.71463 -0.24830
0.70959 -0.23610
0.70423 -0.22403
0.69856 -0.21212
0.69257 -0.20035
0.68627 -0.18875
0.67968 -0.17732
0.67278 -0.16607
0.66558 -0.15500
0.65810 -0.14413
0.65033 -0.13345
0.64228 -0.12299
0.63396 -0.11274
0.62538 -0.10272
0.61653 -0.09293
0.60742 -0.08337
0.59807 -0.07406
0.58847 -0.06499
0.57864 -0.05619
0.56858 -0.04764
0.55829 -0.03937
0.54779 -0.03137
0.53709 -0.02365
0.52618 -0.01621
0.51508 -0.00907
0.50380 -0.00222
0.49234 0.00433
0.48071 0.01058
0.46892 0.01651
0.45698 0.02214
0.44489 0.02744
0.43267 0.03242
0.42032 0.03708
0.40785 0.04142
0.39527 0.04542
0.38259 0.04909
0.36982 0.05242
0.35697 0.05541
0.34404 0.05806
0.33104 0.06038
0.31799 0.06234
0.30489 0.06397
0.29175 0.06524
0.27858 0.06617
0.26540 0.06675
0.25220 0.06698
0.23900 0.06687
0.22581 0.06640
0.21263 0.06559
0.19949 0.06443
0.18637 0.06292
0.17330 0.06107
0.16029 0.05887
0.14734 0.05633
0.13445 0.05345
0.12165 0.05023
0.10894 0.04668
0.09633 0.04279
0.08382 0.03856
0.07143 0.03401
0.05917 0.02914
0.04703 0.02394
0.03504 0.01842
0.02320 0.01259
0.01152 0.00645
0.00000 0.00000
