x y
1.00000 -0.00000
0.99994 0.00397
0.99975 0.00793
0.99943 0.01188
0.99899 0.01582
0.99843 0.01975
0.99774 0.02366
0.99693 0.02754
0.99599 0.03139
0.99494 0.03522
0.99376 0.03900
0.99246 0.04275
0.99105 0.04646
0.98951 0.05012
0.98787 0.05372
0.98610 0.05728
0.98423 0.06077
0.98225 0.06421
0.98016 0.06758
0.97796 0.07088
0.97566 0.07411
0.97326 0.07727
0.97076 0.08035
0.96816 0.08335
0.96547 0.08626
0.96268 0.08909
0.95981 0.09182
0.95686 0.09447
0.95382 0.09702
0.95070 0.09947
0.94751 0.10182
0.94424 0.10407
0.94090 0.10622
0.93750 0.10825
0.93403 0.11018
0.93051 0.11200
0.92693 0.11370
0.92329 0.11529
0.91961 0.11677
0.91588 0.11813
0.91212 0.11936
0.90831 0.12048
0.90447 0.12148
0.90060 0.12235
0.89671 0.12310
0.89279 0.12373
0.88885 0.12423
0.88491 0.12461
0.88095 0.12486
0.87698 0.12498
0.87302 0.12498
0.86905 0.12486
0.86509 0.12461
0.86115 0.12423
0.85721 0.12373
0.85329 0.12310
0.84940 0.12235
0.84553 0.12148
0.84169 0.12048
0.83788 0.11936
0.83412 0.11813
0.83039 0.11677
0.82671 0.11529
0.82307 0.11370
0.81949 0.11200
0.81597 0.11018
0.81250 0.10825
0.80910 0.10622
0.80576 0.10407
0.80249 0.10182
0.79930 0.09947
0.79618 0.09702
0.79314 0.09447
0.79019 0.09182
0.78732 0.08909
0.78453 0.08626
0.78184 0.08335
0.77924 0.08035
0.77674 0.07727
0.77434 0.07411
0.77204 0.07088
0.76984 0.06758
0.76775 0.06421
0.76577 0.06077
0.76390 0.05728
0.76213 0.05372
0.76049 0.05012
0.75895 0.04646
0.75754 0.04275
0.75624 0.03900
0.75506 0.03522
0.75401 0.03139
0.75307 0.02754
0.75226 0.02366
0.75157 0.01975
0.75101 0.01582
0.75057 0.01188
0.75025 0.00793
0.75006 0.00397
0.75000 -0.00000
nan nan
1.00000 -0.00000
0.99987 0.00793
0.99950 0.01586
0.99887 0.02376
0.99799 0.03165
0.99686 0.03950
0.99548 0.04731
0.99386 0.05508
0.99199 0.06279
0.98987 0.07043
0.98752 0.07801
0.98492 0.08551
0.98209 0.09292
0.97903 0.10023
0.97573 0.10745
0.97221 0.11456
0.96846 0.12155
0.96450 0.12842
0.96031 0.13516
0.95592 0.14176
0.95132 0.14823
0.94651 0.15454
0.94151 0.16070
0.93632 0.16669
0.93093 0.17252
0.92537 0.17817
0.91963 0.18365
0.91372 0.18894
0.90764 0.19404
0.90140 0.19894
0.89501 0.20364
0.88848 0.20814
0.88181 0.21243
0.87500 0.21651
0.86807 0.22036
0.86102 0.22400
0.85385 0.22741
0.84659 0.23059
0.83922 0.23354
0.83177 0.23625
0.82423 0.23873
0.81662 0.24096
0.80894 0.24295
0.80120 0.24470
0.79341 0.24620
0.78558 0.24746
0.77771 0.24846
0.76981 0.24921
0.76190 0.24972
0.75397 0.24997
0.74603 0.24997
0.73810 0.24972
0.73019 0.24921
0.72229 0.24846
0.71442 0.24746
0.70659 0.24620
0.69880 0.24470
0.69106 0.24295
0.68338 0.24096
0.67577 0.23873
0.66823 0.23625
0.66078 0.23354
0.65341 0.23059
0.64615 0.22741
0.63898 0.22400
0.63193 0.22036
0.62500 0.21651
0.61819 0.21243
0.61152 0.20814
0.60499 0.20364
0.59860 0.19894
0.59236 0.19404
0.58628 0.18894
0.58037 0.18365
0.57463 0.17817
0.56907 0.17252
0.56368 0.16669
0.55849 0.16070
0.55349 0.15454
0.54868 0.14823
0.54408 0.14176
0.53969 0.13516
0.53550 0.12842
0.53154 0.12155
0.52779 0.11456
0.52427 0.10745
0.52097 0.10023
0.51791 0.09292
0.51508 0.08551
0.51248 0.07801
0.51013 0.07043
0.50801 0.06279
0.50614 0.05508
0.50452 0.04731
0.50314 0.03950
0.50201 0.03165
0.50113 0.02376
0.50050 0.01586
0.50013 0.00793
0.50000 0.00000
nan nan
1.00000 -0.00000
0.99981 0.01190
0.99925 0.02378
0.99830 0.03565
0.99698 0.04747
0.99529 0.05925
0.99322 0.07097
0.99079 0.08262
0.98798 0.09418
0.98481 0.10565
0.98128 0.11701
0.97738 0.12826
0.97314 0.13937
0.96854 0.15035
0.96360 0.16117
0.95831 0.17183
0.95269 0.18232
0.94674 0.19263
0.94047 0.20274
0.93388 0.21265
0.92698 0.22234
0.91977 0.23181
0.91227 0.24105
0.90447 0.25004
0.89640 0.25878
0.88805 0.26726
0.87944 0.27547
0.87057 0.28341
0.86146 0.29105
0.85210 0.29841
0.84252 0.30547
0.83272 0.31221
0.82271 0.31865
0.81250 0.32476
0.80210 0.33055
0.79152 0.33600
0.78078 0.34111
0.76988 0.34588
0.75883 0.35031
0.74765 0.35438
0.73635 0.35809
0.72493 0.36144
0.71341 0.36443
0.70180 0.36705
0.69012 0.36930
0.67837 0.37118
0.66656 0.37269
0.65472 0.37382
0.64284 0.37458
0.63095 0.37495
0.61905 0.37495
0.60716 0.37458
0.59528 0.37382
0.58344 0.37269
0.57163 0.37118
0.55988 0.36930
0.54820 0.36705
0.53659 0.36443
0.52507 0.36144
0.51365 0.35809
0.50235 0.35438
0.49117 0.35031
0.48012 0.34588
0.46922 0.34111
0.45848 0.33600
0.44790 0.33055
0.43750 0.32476
0.42729 0.31865
0.41728 0.31221
0.40748 0.30547
0.39790 0.29841
0.38854 0.29105
0.37943 0.28341
0.37056 0.27547
0.36195 0.26726
0.35360 0.25878
0.34553 0.25004
0.33773 0.24105
0.33023 0.23181
0.32302 0.22234
0.31612 0.21265
0.30953 0.20274
0.30326 0.19263
0.29731 0.18232
0.29169 0.17183
0.28640 0.16117
0.28146 0.15035
0.27686 0.13937
0.27262 0.12826
0.26872 0.11701
0.26519 0.10565
0.26202 0.09418
0.25921 0.08262
0.25678 0.07097
0.25471 0.05925
0.25302 0.04747
0.25170 0.03565
0.25075 0.02378
0.25019 0.01190
0.25000 0.00000
nan nan
-1.00000 0.00000
-0.99994 -0.00397
-0.99975 -0.00793
-0.99943 -0.01188
-0.99899 -0.01582
-0.99843 -0.01975
-0.99774 -0.02366
-0.99693 -0.02754
-0.99599 -0.03139
-0.99494 -0.03522
-0.99376 -0.03900
-0.99246 -0.04275
-0.99105 -0.04646
-0.98951 -0.05012
-0.98787 -0.05372
-0.98610 -0.05728
-0.98423 -0.06077
-0.98225 -0.06421
-0.98016 -0.06758
-0.97796 -0.07088
-0.97566 -0.07411
-0.97326 -0.07727
-0.97076 -0.08035
-0.96816 -0.08335
-0.96547 -0.08626
-0.96268 -0.08909
-0.95981 -0.09182
-0.95686 -0.09447
-0.95382 -0.09702
-0.95070 -0.09947
-0.94751 -0.10182
-0.94424 -0.10407
-0.94090 -0.10622
-0.93750 -0.10825
-0.93403 -0.11018
-0.93051 -0.11200
-0.92693 -0.11370
-0.92329 -0.11529
-0.91961 -0.11677
-0.91588 -0.11813
-0.91212 -0.11936
-0.90831 -0.12048
-0.90447 -0.12148
-0.90060 -0.12235
-0.89671 -0.12310
-0.89279 -0.12373
-0.88885 -0.12423
-0.88491 -0.12461
-0.88095 -0.12486
-0.87698 -0.12498
-0.87302 -0.12498
-0.86905 -0.12486
-0.86509 -0.12461
-0.86115 -0.12423
-0.85721 -0.12373
-0.85329 -0.12310
-0.84940 -0.12235
-0.84553 -0.12148
-0.84169 -0.12048
-0.83788 -0.11936
-0.83412 -0.11813
-0.83039 -0.11677
-0.82671 -0.11529
-0.82307 -0.11370
-0.81949 -0.11200
-0.81597 -0.11018
-0.81250 -0.10825
-0.80910 -0.10622
-0.80576 -0.10407
-0.80249 -0.10182
-0.79930 -0.09947
-0.79618 -0.09702
-0.79314 -0.09447
-0.79019 -0.09182
-0.78732 -0.08909
-0.78453 -0.08626
-0.78184 -0.08335
-0.77924 -0.08035
-0.77674 -0.07727
-0.77434 -0.07411
-0.77204 -0.07088
-0.76984 -0.06758
-0.76775 -0.06421
-0.76577 -0.06077
-0.76390 -0.05728
-0.76213 -0.05372
-0.76049 -0.05012
-0.75895 -0.04646
-0.75754 -0.04275
-0.75624 -0.03900
-0.75506 -0.03522
-0.75401 -0.03139
-0.75307 -0.02754
-0.75226 -0.02366
-0.75157 -0.01975
-0.75101 -0.01582
-0.75057 -0.01188
-0.75025 -0.00793
-0.75006 -0.00397
-0.75000 0.00000
nan nan
-1.00000 0.00000
-0.99987 -0.00793
-0.99950 -0.01586
-0.99887 -0.02376
-0.99799 -0.03165
-0.99686 -0.03950
-0.99548 -0.04731
-0.99386 -0.05508
-0.99199 -0.06279
-0.98987 -0.07043
-0.98752 -0.07801
-0.98492 -0.08551
-0.98209 -0.09292
-0.97903 -0.10023
-0.97573 -0.10745
-0.97221 -0.11456
-0.96846 -0.12155
-0.96450 -0.12842
-0.96031 -0.13516
-0.95592 -0.14176
-0.95132 -0.14823
-0.94651 -0.15454
-0.94151 -0.16070
-0.93632 -0.16669
-0.93093 -0.17252
-0.92537 -0.17817
-0.91963 -0.18365
-0.91372 -0.18894
-0.90764 -0.19404
-0.90140 -0.19894
-0.89501 -0.20364
-0.88848 -0.20814
-0.88181 -0.21243
-0.87500 -0.21651
-0.86807 -0.22036
-0.86102 -0.22400
-0.85385 -0.22741
-0.84659 -0.23059
-0.83922 -0.23354
-0.83177 -0.23625
-0.82423 -0.23873
-0.81662 -0.24096
-0.80894 -0.24295
-0.80120 -0.24470
-0.79341 -0.24620
-0.78558 -0.24746
-0.77771 -0.24846
-0.76981 -0.24921
-0.76190 -0.24972
-0.75397 -0.24997
-0.74603 -0.24997
-0.73810 -0.24972
-0.73019 -0.24921
-0.72229 -0.24846
-0.71442 -0.24746
-0.70659 -0.24620
-0.69880 -0.24470
-0.69106 -0.24295
-0.68338 -0.24096
-0.67577 -0.23873
-0.66823 -0.23625
-0.66078 -0.23354
-0.65341 -0.23059
-0.64615 -0.22741
-0.63898 -0.22400
-0.63193 -0.22036
-0.62500 -0.21651
-0.61819 -0.21243
-0.61152 -0.20814
-0.60499 -0.20364
-0.59860 -0.19894
-0.59236 -0.19404
-0.58628 -0.18894
-0.58037 -0.18365
-0.57463 -0.17817
-0.56907 -0.17252
-0.56368 -0.16669
-0.55849 -0.16070
-0.55349 -0.15454
-0.54868 -0.14823
-0.54408 -0.14176
-0.53969 -0.13516
-0.53550 -0.12842
-0.53154 -0.12155
-0.52779 -0.11456
-0.52427 -0.10745
-0.52097 -0.10023
-0.51791 -0.09292
-0.51508 -0.08551
-0.51248 -0.07801
-0.51013 -0.07043
-0.50801 -0.06279
-0.50614 -0.05508
-0.50452 -0.04731
-0.50314 -0.03950
-0.50201 -0.03165
-0.50113 -0.02376
-0.50050 -0.01586
-0.50013 -0.00793
-0.50000 0.00000
nan nan
-1.00000 0.00000
-0.99981 -0.01190
-0.99925 -0.02378
-0.99830 -0.03565
-0.99698 -0.04747
-0.99529 -0.05925
-0.99322 -0.07097
-0.99079 -0.08262
-0.98798 -0.09418
-0.98481 -0.10565
-0.98128 -0.11701
-0.97738 -0.12826
-0.97314 -0.13937
-0.96854 -0.15035
-0.96360 -0.16117
-0.95831 -0.17183
-0.95269 -0.18232
-0.94674 -0.19263
-0.94047 -0.20274
-0.93388 -0.21265
-0.92698 -0.22234
-0.91977 -0.23181
-0.91227 -0.24105
-0.90447 -0.25004
-0.89640 -0.25878
-0.88805 -0.26726
-0.87944 -0.27547
-0.87057 -0.28341
-0.86146 -0.29105
-0.85210 -0.29841
-0.84252 -0.30547
-0.83272 -0.31221
-0.82271 -0.31865
-0.81250 -0.32476
-0.80210 -0.33055
-0.79152 -0.33600
-0.78078 -0.34111
-0.76988 -0.34588
-0.75883 -0.35031
-0.74765 -0.35438
-0.73635 -0.35809
-0.72493 -0.36144
-0.71341 -0.36443
-0.70180 -0.36705
-0.69012 -0.36930
-0.67837 -0.37118
-0.66656 -0.37269
-0.65472 -0.37382
-0.64284 -0.37458
-0.63095 -0.37495
-0.61905 -0.37495
-0.60716 -0.37458
-0.59528 -0.37382
-0.58344 -0.37269
-0.57163 -0.37118
-0.55988 -0.36930
-0.54820 -0.36705
-0.53659 -0.36443
-0.52507 -0.36144
-0.51365 -0.35809
-0.50235 -0.35438
-0.49117 -0.35031
-0.48012 -0.34588
-0.46922 -0.34111
-0.45848 -0.33600
-0.44790 -0.33055
-0.43750 -0.32476
-0.42729 -0.31865
-0.41728 -0.31221
-0.40748 -0.30547
-0.39790 -0.29841
-0.38854 -0.29105
-0.37943 -0.28341
-0.37056 -0.27547
-0.36195 -0.26726
-0.35360 -0.25878
-0.34553 -0.25004
-0.33773 -0.24105
-0.33023 -0.23181
-0.32302 -0.22234
-0.31612 -0.21265
-0.30953 -0.20274
-0.30326 -0.19263
-0.29731 -0.18232
-0.29169 -0.17183
-0.28640 -0.16117
-0.28146 -0.15035
-0.27686 -0.13937
-0.27262 -0.12826
-0.26872 -0.11701
-0.26519 -0.10565
-0.26202 -0.09418
-0.25921 -0.08262
-0.25678 -0.07097
-0.25471 -0.05925
-0.25302 -0.04747
-0.25170 -0.03565
-0.25075 -0.02378
-0.25019 -0.01190
-0.25000 -0.00000
