x y
-1.00000 0.00000
-0.99956 -0.02776
-0.99824 -0.05550
-0.99604 -0.08317
-0.99296 -0.11077
-0.98901 -0.13825
-0.98419 -0.16559
-0.97850 -0.19277
-0.97196 -0.21975
-0.96456 -0.24652
-0.95631 -0.27303
-0.94723 -0.29927
-0.93732 -0.32520
-0.92659 -0.35081
-0.91506 -0.37607
-0.90273 -0.40095
-0.88962 -0.42542
-0.87574 -0.44947
-0.86110 -0.47306
-0.84572 -0.49618
-0.82961 -0.51879
-0.81280 -0.54089
-0.79529 -0.56244
-0.77711 -0.58342
-0.75827 -0.60382
-0.73879 -0.62361
-0.71870 -0.64277
-0.69800 -0.66128
-0.67673 -0.67913
-0.65491 -0.69629
-0.63255 -0.71275
-0.60968 -0.72850
-0.58632 -0.74351
-0.56250 -0.75777
-0.53824 -0.77127
-0.51356 -0.78399
-0.48849 -0.79593
-0.46305 -0.80706
-0.43728 -0.81738
-0.41118 -0.82688
-0.38481 -0.83554
-0.35816 -0.84336
-0.33129 -0.85034
-0.30421 -0.85645
-0.27694 -0.86171
-0.24953 -0.86609
-0.22198 -0.86961
-0.19434 -0.87225
-0.16663 -0.87401
-0.13888 -0.87489
-0.11112 -0.87489
-0.08337 -0.87401
-0.05566 -0.87225
-0.02802 -0.86961
-0.00047 -0.86609
0.02694 -0.86171
0.05421 -0.85645
0.08129 -0.85034
0.10816 -0.84336
0.13481 -0.83554
0.16118 -0.82688
0.18728 -0.81738
0.21305 -0.80706
0.23849 -0.79593
0.26356 -0.78399
0.28824 -0.77127
0.31250 -0.75777
0.33632 -0.74351
0.35968 -0.72850
0.38255 -0.71275
0.40491 -0.69629
0.42673 -0.67913
0.44800 -0.66128
0.46870 -0.64277
0.48879 -0.62361
0.50827 -0.60382
0.52711 -0.58342
0.54529 -0.56244
0.56280 -0.54089
0.57961 -0.51879
0.59572 -0.49618
0.61110 -0.47306
0.62574 -0.44947
0.63962 -0.42542
0.65273 -0.40095
0.66506 -0.37607
0.67659 -0.35081
0.68732 -0.32520
0.69723 -0.29927
0.70631 -0.27303
0.71456 -0.24652
0.72196 -0.21975
0.72850 -0.19277
0.73419 -0.16559
0.73901 -0.13825
0.74296 -0.11077
0.74604 -0.08317
0.74824 -0.05550
0.74956 -0.02776
0.75000 -0.00000
nan nan
-1.00000 0.00000
-0.99962 -0.02380
-0.99849 -0.04757
-0.99660 -0.07129
-0.99397 -0.09494
-0.99058 -0.11850
-0.98645 -0.14194
-0.98157 -0.16523
-0.97596 -0.18836
-0.96962 -0.21130
-0.96255 -0.23403
-0.95477 -0.25652
-0.94628 -0.27875
-0.93708 -0.30070
-0.92719 -0.32235
-0.91663 -0.34367
-0.90539 -0.36465
-0.89349 -0.38526
-0.88094 -0.40548
-0.86776 -0.42529
-0.85395 -0.44468
-0.83954 -0.46362
-0.82453 -0.48209
-0.80895 -0.50008
-0.79280 -0.51756
-0.77611 -0.53452
-0.75888 -0.55094
-0.74115 -0.56681
-0.72291 -0.58211
-0.70421 -0.59682
-0.68504 -0.61093
-0.66544 -0.62443
-0.64542 -0.63729
-0.62500 -0.64952
-0.60420 -0.66109
-0.58305 -0.67200
-0.56156 -0.68222
-0.53976 -0.69177
-0.51766 -0.70061
-0.49530 -0.70875
-0.47269 -0.71618
-0.44986 -0.72288
-0.42682 -0.72886
-0.40361 -0.73410
-0.38024 -0.73861
-0.35674 -0.74237
-0.33313 -0.74538
-0.30944 -0.74764
-0.28569 -0.74915
-0.26190 -0.74991
-0.23810 -0.74991
-0.21431 -0.74915
-0.19056 -0.74764
-0.16687 -0.74538
-0.14326 -0.74237
-0.11976 -0.73861
-0.09639 -0.73410
-0.07318 -0.72886
-0.05014 -0.72288
-0.02731 -0.71618
-0.00470 -0.70875
0.01766 -0.70061
0.03976 -0.69177
0.06156 -0.68222
0.08305 -0.67200
0.10420 -0.66109
0.12500 -0.64952
0.14542 -0.63729
0.16544 -0.62443
0.18504 -0.61093
0.20421 -0.59682
0.22291 -0.58211
0.24115 -0.56681
0.25888 -0.55094
0.27611 -0.53452
0.29280 -0.51756
0.30895 -0.50008
0.32453 -0.48209
0.33954 -0.46362
0.35395 -0.44468
0.36776 -0.42529
0.38094 -0.40548
0.39349 -0.38526
0.40539 -0.36465
0.41663 -0.34367
0.42719 -0.32235
0.43708 -0.30070
0.44628 -0.27875
0.45477 -0.25652
0.46255 -0.23403
0.46962 -0.21130
0.47596 -0.18836
0.48157 -0.16523
0.48645 -0.14194
0.49058 -0.11850
0.49397 -0.09494
0.49660 -0.07129
0.49849 -0.04757
0.49962 -0.02380
0.50000 -0.00000
nan nan
-1.00000 0.00000
-0.99969 -0.01983
-0.99874 -0.03964
-0.99717 -0.05941
-0.99497 -0.07912
-0.99215 -0.09875
-0.98871 -0.11828
-0.98464 -0.13769
-0.97997 -0.15697
-0.97468 -0.17608
-0.96879 -0.19502
-0.96231 -0.21376
-0.95523 -0.23229
-0.94757 -0.25058
-0.93933 -0.26862
-0.93052 -0.28639
-0.92116 -0.30387
-0.91124 -0.32105
-0.90078 -0.33790
-0.88980 -0.35441
-0.87829 -0.37057
-0.86628 -0.38635
-0.85378 -0.40174
-0.84079 -0.41673
-0.82733 -0.43130
-0.81342 -0.44543
-0.79907 -0.45912
-0.78429 -0.47234
-0.76910 -0.48509
-0.75351 -0.49735
-0.73754 -0.50911
-0.72120 -0.52036
-0.70452 -0.53108
-0.68750 -0.54127
-0.67017 -0.55091
-0.65254 -0.56000
-0.63463 -0.56852
-0.61647 -0.57647
-0.59805 -0.58384
-0.57942 -0.59063
-0.56058 -0.59681
-0.54155 -0.60240
-0.52235 -0.60738
-0.50300 -0.61175
-0.48353 -0.61550
-0.46395 -0.61864
-0.44427 -0.62115
-0.42453 -0.62303
-0.40474 -0.62429
-0.38492 -0.62492
-0.36508 -0.62492
-0.34526 -0.62429
-0.32547 -0.62303
-0.30573 -0.62115
-0.28605 -0.61864
-0.26647 -0.61550
-0.24700 -0.61175
-0.22765 -0.60738
-0.20845 -0.60240
-0.18942 -0.59681
-0.17058 -0.59063
-0.15195 -0.58384
-0.13353 -0.57647
-0.11537 -0.56852
-0.09746 -0.56000
-0.07983 -0.55091
-0.06250 -0.54127
-0.04548 -0.53108
-0.02880 -0.52036
-0.01246 -0.50911
0.00351 -0.49735
0.01910 -0.48509
0.03429 -0.47234
0.04907 -0.45912
0.06342 -0.44543
0.07733 -0.43130
0.09079 -0.41673
0.10378 -0.40174
0.11628 -0.38635
0.12829 -0.37057
0.13980 -0.35441
0.15078 -0.33790
0.16124 -0.32105
0.17116 -0.30387
0.18052 -0.28639
0.18933 -0.26862
0.19757 -0.25058
0.20523 -0.23229
0.21231 -0.21376
0.21879 -0.19502
0.22468 -0.17608
0.22997 -0.15697
0.23464 -0.13769
0.23871 -0.11828
0.24215 -0.09875
0.24497 -0.07912
0.24717 -0.05941
0.24874 -0.03964
0.24969 -0.01983
0.25000 -0.00000
nan nan
1.00000 -0.00000
0.99956 0.02776
0.99824 0.05550
0.99604 0.08317
0.99296 0.11077
0.98901 0.13825
0.98419 0.16559
0.97850 0.19277
0.97196 0.21975
0.96456 0.24652
0.95631 0.27303
0.94723 0.29927
0.93732 0.32520
0.92659 0.35081
0.91506 0.37607
0.90273 0.40095
0.88962 0.42542
0.87574 0.44947
0.86110 0.47306
0.84572 0.49618
0.82961 0.51879
0.81280 0.54089
0.79529 0.56244
0.77711 0.58342
0.75827 0.60382
0.73879 0.62361
0.71870 0.64277
0.69800 0.66128
0.67673 0.67913
0.65491 0.69629
0.63255 0.71275
0.60968 0.72850
0.58632 0.74351
0.56250 0.75777
0.53824 0.77127
0.51356 0.78399
0.48849 0.79593
0.46305 0.80706
0.43728 0.81738
0.41118 0.82688
0.38481 0.83554
0.35816 0.84336
0.33129 0.85034
0.30421 0.85645
0.27694 0.86171
0.24953 0.86609
0.22198 0.86961
0.19434 0.87225
0.16663 0.87401
0.13888 0.87489
0.11112 0.87489
0.08337 0.87401
0.05566 0.87225
0.02802 0.86961
0.00047 0.86609
-0.02694 0.86171
-0.05421 0.85645
-0.08129 0.85034
-0.10816 0.84336
-0.13481 0.83554
-0.16118 0.82688
-0.18728 0.81738
-0.21305 0.80706
-0.23849 0.79593
-0.26356 0.78399
-0.28824 0.77127
-0.31250 0.75777
-0.33632 0.74351
-0.35968 0.72850
-0.38255 0.71275
-0.40491 0.69629
-0.42673 0.67913
-0.44800 0.66128
-0.46870 0.64277
-0.48879 0.62361
-0.50827 0.60382
-0.52711 0.58342
-0.54529 0.56244
-0.56280 0.54089
-0.57961 0.51879
-0.59572 0.49618
-0.61110 0.47306
-0.62574 0.44947
-0.63962 0.42542
-0.65273 0.40095
-0.66506 0.37607
-0.67659 0.35081
-0.68732 0.32520
-0.69723 0.29927
-0.70631 0.27303
-0.71456 0.24652
-0.72196 0.21975
-0.72850 0.19277
-0.73419 0.16559
-0.73901 0.13825
-0.74296 0.11077
-0.74604 0.08317
-0.74824 0.05550
-0.74956 0.02776
-0.75000 0.00000
nan nan
1.00000 -0.00000
0.99962 0.02380
0.99849 0.04757
0.99660 0.07129
0.99397 0.09494
0.99058 0.11850
0.98645 0.14194
0.98157 0.16523
0.97596 0.18836
0.96962 0.21130
0.96255 0.23403
0.95477 0.25652
0.94628 0.27875
0.93708 0.30070
0.92719 0.32235
0.91663 0.34367
0.90539 0.36465
0.89349 0.38526
0.88094 0.40548
0.86776 0.42529
0.85395 0.44468
0.83954 0.46362
0.82453 0.48209
0.80895 0.50008
0.79280 0.51756
0.77611 0.53452
0.75888 0.55094
0.74115 0.56681
0.72291 0.58211
0.70421 0.59682
0.68504 0.61093
0.66544 0.62443
0.64542 0.63729
0.62500 0.64952
0.60420 0.66109
0.58305 0.67200
0.56156 0.68222
0.53976 0.69177
0.51766 0.70061
0.49530 0.70875
0.47269 0.71618
0.44986 0.72288
0.42682 0.72886
0.40361 0.73410
0.38024 0.73861
0.35674 0.74237
0.33313 0.74538
0.30944 0.74764
0.28569 0.74915
0.26190 0.74991
0.23810 0.74991
0.21431 0.74915
0.19056 0.74764
0.16687 0.74538
0.14326 0.74237
0.11976 0.73861
0.09639 0.73410
0.07318 0.72886
0.05014 0.72288
0.02731 0.71618
0.00470 0.70875
-0.01766 0.70061
-0.03976 0.69177
-0.06156 0.68222
-0.08305 0.67200
-0.10420 0.66109
-0.12500 0.64952
-0.14542 0.63729
-0.16544 0.62443
-0.18504 0.61093
-0.20421 0.59682
-0.22291 0.58211
-0.24115 0.56681
-0.25888 0.55094
-0.27611 0.53452
-0.29280 0.51756
-0.30895 0.50008
-0.32453 0.48209
-0.33954 0.46362
-0.35395 0.44468
-0.36776 0.42529
-0.38094 0.40548
-0.39349 0.38526
-0.40539 0.36465
-0.41663 0.34367
-0.42719 0.32235
-0.43708 0.30070
-0.44628 0.27875
-0.45477 0.25652
-0.46255 0.23403
-0.46962 0.21130
-0.47596 0.18836
-0.48157 0.16523
-0.48645 0.14194
-0.49058 0.11850
-0.49397 0.09494
-0.49660 0.07129
-0.49849 0.04757
-0.49962 0.02380
-0.50000 0.00000
nan nan
1.00000 -0.00000
0.99969 0.01983
0.99874 0.03964
0.99717 0.05941
0.99497 0.07912
0.99215 0.09875
0.98871 0.11828
0.98464 0.13769
0.97997 0.15697
0.97468 0.17608
0.96879 0.19502
0.96231 0.21376
0.95523 0.23229
0.94757 0.25058
0.93933 0.26862
0.93052 0.28639
0.92116 0.30387
0.91124 0.32105
0.90078 0.33790
0.88980 0.35441
0.87829 0.37057
0.86628 0.38635
0.85378 0.40174
0.84079 0.41673
0.82733 0.43130
0.81342 0.44543
0.79907 0.45912
0.78429 0.47234
0.76910 0.48509
0.75351 0.49735
0.73754 0.50911
0.72120 0.52036
0.70452 0.53108
0.68750 0.54127
0.67017 0.55091
0.65254 0.56000
0.63463 0.56852
0.61647 0.57647
0.59805 0.58384
0.57942 0.59063
0.56058 0.59681
0.54155 0.60240
0.52235 0.60738
0.50300 0.61175
0.48353 0.61550
0.46395 0.61864
0.44427 0.62115
0.42453 0.62303
0.40474 0.62429
0.38492 0.62492
0.36508 0.62492
0.34526 0.62429
0.32547 0.62303
0.30573 0.62115
0.28605 0.61864
0.26647 0.61550
0.24700 0.61175
0.22765 0.60738
0.20845 0.60240
0.18942 0.59681
0.17058 0.59063
0.15195 0.58384
0.13353 0.57647
0.11537 0.56852
0.09746 0.56000
0.07983 0.55091
0.06250 0.54127
0.04548 0.53108
0.02880 0.52036
0.01246 0.50911
-0.00351 0.49735
-0.01910 0.48509
-0.03429 0.47234
-0.04907 0.45912
-0.06342 0.44543
-0.07733 0.43130
-0.09079 0.41673
-0.10378 0.40174
-0.11628 0.38635
-0.12829 0.37057
-0.13980 0.35441
-0.15078 0.33790
-0.16124 0.32105
-0.17116 0.30387
-0.18052 0.28639
-0.18933 0.26862
-0.19757 0.25058
-0.20523 0.23229
-0.21231 0.21376
-0.21879 0.19502
-0.22468 0.17608
-0.22997 0.15697
-0.23464 0.13769
-0.23871 0.11828
-0.24215 0.09875
-0.24497 0.07912
-0.24717 0.05941
-0.24874 0.03964
-0.24969 0.01983
-0.25000 0.00000
