x y
-1.00000 0.00000
-0.99976 -0.02054
-0.99904 -0.04107
-0.99783 -0.06158
-0.99614 -0.08205
-0.99398 -0.10248
-0.99133 -0.12285
-0.98821 -0.14316
-0.98461 -0.16338
-0.98054 -0.18352
-0.97599 -0.20355
-0.97098 -0.22347
-0.96550 -0.24327
-0.95956 -0.26293
-0.95316 -0.28245
-0.94630 -0.30182
-0.93899 -0.32102
-0.93123 -0.34004
-0.92302 -0.35887
-0.91438 -0.37750
-0.90530 -0.39593
-0.89579 -0.41414
-0.88585 -0.43212
-0.87550 -0.44986
-0.86473 -0.46736
-0.85356 -0.48460
-0.84198 -0.50156
-0.83001 -0.51826
-0.81765 -0.53467
-0.80490 -0.55078
-0.79179 -0.56659
-0.77830 -0.58209
-0.76446 -0.59726
-0.75026 -0.61211
-0.73572 -0.62662
-0.72084 -0.64078
-0.70563 -0.65459
-0.69010 -0.66804
-0.67426 -0.68113
-0.65812 -0.69383
-0.64169 -0.70616
-0.62497 -0.71809
-0.60797 -0.72963
-0.59071 -0.74077
-0.57319 -0.75150
-0.55543 -0.76181
-0.53742 -0.77171
-0.51919 -0.78118
-0.50075 -0.79022
-0.48209 -0.79882
-0.46324 -0.80698
-0.44420 -0.81470
-0.42499 -0.82197
-0.40561 -0.82878
-0.38608 -0.83514
-0.36640 -0.84104
-0.34659 -0.84648
-0.32665 -0.85145
-0.30661 -0.85595
-0.28647 -0.85997
-0.26623 -0.86353
-0.24592 -0.86660
-0.22555 -0.86920
-0.20511 -0.87132
-0.18464 -0.87297
-0.16413 -0.87412
-0.14359 -0.87480
-0.12305 -0.87500
-0.10251 -0.87471
-0.08198 -0.87394
-0.06148 -0.87269
-0.04101 -0.87096
-0.02059 -0.86875
-0.00022 -0.86606
0.02008 -0.86289
0.04029 -0.85925
0.06042 -0.85513
0.08044 -0.85054
0.10035 -0.84548
0.12014 -0.83996
0.13979 -0.83397
0.15930 -0.82753
0.17865 -0.82062
0.19783 -0.81327
0.21683 -0.80547
0.23564 -0.79722
0.25426 -0.78853
0.27267 -0.77941
0.29086 -0.76986
0.30881 -0.75989
0.32653 -0.74949
0.34400 -0.73869
0.36122 -0.72747
0.37816 -0.71586
0.39483 -0.70385
0.41121 -0.69145
0.42729 -0.67867
0.44307 -0.66552
0.45854 -0.65200
0.47368 -0.63812
nan nan
-1.00000 0.00000
-0.99975 -0.01954
-0.99898 -0.03907
-0.99771 -0.05857
-0.99593 -0.07803
-0.99364 -0.09743
-0.99085 -0.11677
-0.98756 -0.13604
-0.98377 -0.15521
-0.97947 -0.17427
-0.97468 -0.19321
-0.96941 -0.21203
-0.96364 -0.23070
-0.95738 -0.24921
-0.95065 -0.26756
-0.94344 -0.28572
-0.93576 -0.30369
-0.92762 -0.32145
-0.91901 -0.33900
-0.90996 -0.35631
-0.90045 -0.37339
-0.89050 -0.39021
-0.88012 -0.40676
-0.86931 -0.42304
-0.85807 -0.43903
-0.84643 -0.45472
-0.83438 -0.47011
-0.82193 -0.48517
-0.80910 -0.49991
-0.79589 -0.51430
-0.78230 -0.52835
-0.76836 -0.54204
-0.75406 -0.55536
-0.73942 -0.56830
-0.72445 -0.58086
-0.70915 -0.59303
-0.69355 -0.60479
-0.67764 -0.61614
-0.66144 -0.62707
-0.64497 -0.63758
-0.62822 -0.64765
-0.61122 -0.65728
-0.59397 -0.66647
-0.57649 -0.67521
-0.55879 -0.68348
-0.54088 -0.69130
-0.52277 -0.69864
-0.50448 -0.70551
-0.48601 -0.71190
-0.46738 -0.71781
-0.44861 -0.72323
-0.42970 -0.72815
-0.41067 -0.73259
-0.39153 -0.73653
-0.37229 -0.73996
-0.35297 -0.74290
-0.33358 -0.74533
-0.31413 -0.74725
-0.29464 -0.74867
-0.27512 -0.74958
-0.25559 -0.74998
-0.23605 -0.74987
-0.21651 -0.74925
-0.19701 -0.74813
-0.17753 -0.74649
-0.15811 -0.74435
-0.13875 -0.74170
-0.11946 -0.73855
-0.10027 -0.73490
-0.08117 -0.73075
-0.06219 -0.72610
-0.04334 -0.72096
-0.02462 -0.71534
-0.00606 -0.70922
0.01233 -0.70263
0.03055 -0.69555
0.04857 -0.68801
0.06640 -0.67999
0.08401 -0.67152
0.10139 -0.66259
0.11853 -0.65321
0.13542 -0.64339
0.15205 -0.63313
0.16841 -0.62244
0.18449 -0.61133
0.20027 -0.59980
0.21574 -0.58787
0.23090 -0.57553
0.24573 -0.56281
0.26022 -0.54970
0.27437 -0.53622
0.28816 -0.52238
0.30159 -0.50818
0.31464 -0.49364
0.32731 -0.47876
0.33959 -0.46356
0.35147 -0.44804
0.36293 -0.43222
0.37399 -0.41610
0.38462 -0.39970
nan nan
-1.00000 0.00000
-0.99974 -0.01802
-0.99896 -0.03603
-0.99766 -0.05400
-0.99585 -0.07193
-0.99351 -0.08980
-0.99067 -0.10760
-0.98731 -0.12531
-0.98344 -0.14291
-0.97907 -0.16040
-0.97419 -0.17775
-0.96882 -0.19495
-0.96295 -0.21199
-0.95659 -0.22885
-0.94975 -0.24553
-0.94243 -0.26200
-0.93464 -0.27825
-0.92639 -0.29427
-0.91767 -0.31005
-0.90851 -0.32556
-0.89890 -0.34081
-0.88886 -0.35578
-0.87838 -0.37044
-0.86749 -0.38481
-0.85619 -0.39885
-0.84449 -0.41255
-0.83240 -0.42592
-0.81993 -0.43893
-0.80709 -0.45158
-0.79389 -0.46385
-0.78034 -0.47573
-0.76646 -0.48722
-0.75225 -0.49831
-0.73772 -0.50898
-0.72290 -0.51922
-0.70778 -0.52904
-0.69239 -0.53841
-0.67673 -0.54734
-0.66082 -0.55581
-0.64468 -0.56382
-0.62831 -0.57137
-0.61173 -0.57843
-0.59495 -0.58502
-0.57799 -0.59112
-0.56087 -0.59672
-0.54358 -0.60183
-0.52616 -0.60645
-0.50861 -0.61055
-0.49095 -0.61415
-0.47320 -0.61724
-0.45536 -0.61981
-0.43745 -0.62187
-0.41950 -0.62341
-0.40150 -0.62444
-0.38349 -0.62494
-0.36546 -0.62493
-0.34745 -0.62439
-0.32946 -0.62334
-0.31150 -0.62177
-0.29360 -0.61968
-0.27577 -0.61707
-0.25802 -0.61395
-0.24036 -0.61033
-0.22282 -0.60619
-0.20541 -0.60155
-0.18813 -0.59641
-0.17101 -0.59077
-0.15406 -0.58465
-0.13730 -0.57803
-0.12073 -0.57094
-0.10438 -0.56337
-0.08824 -0.55533
-0.07235 -0.54683
-0.05671 -0.53788
-0.04133 -0.52848
-0.02623 -0.51864
-0.01142 -0.50837
0.00308 -0.49767
0.01727 -0.48657
0.03114 -0.47505
0.04467 -0.46314
0.05785 -0.45085
0.07067 -0.43818
0.08312 -0.42515
0.09519 -0.41177
0.10686 -0.39804
0.11814 -0.38398
0.12901 -0.36960
0.13945 -0.35491
0.14947 -0.33993
0.15906 -0.32467
0.16819 -0.30914
0.17688 -0.29334
0.18511 -0.27731
0.19287 -0.26105
0.20016 -0.24456
0.20698 -0.22788
0.21331 -0.21100
0.21914 -0.19395
0.22449 -0.17674
nan nan
0.50000 -0.86603
0.51767 -0.85555
0.53509 -0.84465
0.55224 -0.83336
0.56913 -0.82166
0.58574 -0.80957
0.60206 -0.79709
0.61808 -0.78424
0.63380 -0.77101
0.64920 -0.75741
0.66428 -0.74346
0.67902 -0.72916
0.69343 -0.71451
0.70749 -0.69954
0.72119 -0.68423
0.73453 -0.66861
0.74750 -0.65268
0.76009 -0.63645
0.77230 -0.61993
0.78412 -0.60312
0.79554 -0.58604
0.80655 -0.56870
0.81715 -0.55111
0.82734 -0.53327
0.83711 -0.51520
0.84645 -0.49690
0.85536 -0.47839
0.86383 -0.45968
0.87186 -0.44077
0.87944 -0.42168
0.88657 -0.40241
0.89325 -0.38298
0.89947 -0.36341
0.90523 -0.34369
0.91053 -0.32384
0.91535 -0.30387
0.91971 -0.28380
0.92360 -0.26362
0.92701 -0.24337
0.92994 -0.22303
0.93239 -0.20264
0.93437 -0.18219
0.93587 -0.16170
0.93688 -0.14119
0.93741 -0.12065
0.93746 -0.10011
0.93703 -0.07957
0.93612 -0.05905
0.93472 -0.03855
0.93284 -0.01809
0.93049 0.00231
0.92765 0.02266
0.92434 0.04293
0.92055 0.06312
0.91629 0.08322
0.91156 0.10321
0.90636 0.12308
0.90070 0.14283
0.89458 0.16244
0.88799 0.18190
0.88095 0.20120
0.87346 0.22033
0.86553 0.23927
0.85715 0.25803
0.84833 0.27658
0.83908 0.29493
0.82940 0.31305
0.81930 0.33093
0.80878 0.34858
0.79785 0.36597
0.78651 0.38310
0.77478 0.39997
0.76265 0.41655
0.75014 0.43284
0.73725 0.44883
0.72398 0.46452
0.71035 0.47989
0.69637 0.49494
0.68203 0.50965
0.66736 0.52402
0.65235 0.53805
0.63701 0.55172
0.62136 0.56502
0.60540 0.57796
0.58914 0.59051
0.57259 0.60268
0.55576 0.61446
0.53866 0.62584
0.52129 0.63682
0.50368 0.64738
0.48582 0.65753
0.46772 0.66726
0.44940 0.67656
0.43087 0.68543
0.41214 0.69386
0.39321 0.70184
0.37410 0.70938
0.35482 0.71647
0.33538 0.72311
0.31579 0.72928
nan nan
0.50000 -0.86603
0.51679 -0.85604
0.53332 -0.84561
0.54957 -0.83476
0.56554 -0.82349
0.58120 -0.81180
0.59656 -0.79972
0.61159 -0.78723
0.62629 -0.77436
0.64066 -0.76111
0.65467 -0.74749
0.66833 -0.73351
0.68161 -0.71918
0.69452 -0.70451
0.70704 -0.68951
0.71916 -0.67418
0.73089 -0.65855
0.74220 -0.64261
0.75309 -0.62639
0.76355 -0.60989
0.77359 -0.59312
0.78318 -0.57609
0.79232 -0.55882
0.80101 -0.54132
0.80925 -0.52360
0.81702 -0.50567
0.82431 -0.48754
0.83114 -0.46923
0.83748 -0.45075
0.84334 -0.43211
0.84872 -0.41332
0.85360 -0.39440
0.85799 -0.37535
0.86188 -0.35620
0.86526 -0.33696
0.86815 -0.31763
0.87053 -0.29824
0.87241 -0.27878
0.87378 -0.25929
0.87464 -0.23977
0.87499 -0.22023
0.87483 -0.20069
0.87417 -0.18116
0.87299 -0.16165
0.87131 -0.14219
0.86912 -0.12277
0.86642 -0.10341
0.86323 -0.08414
0.85953 -0.06495
0.85533 -0.04586
0.85064 -0.02689
0.84545 -0.00805
0.83977 0.01065
0.83361 0.02919
0.82697 0.04757
0.81985 0.06577
0.81226 0.08378
0.80421 0.10158
0.79569 0.11917
0.78672 0.13653
0.77729 0.15364
0.76743 0.17051
0.75713 0.18712
0.74640 0.20345
0.73525 0.21950
0.72368 0.23525
0.71171 0.25069
0.69934 0.26582
0.68658 0.28062
0.67343 0.29508
0.65992 0.30919
0.64604 0.32295
0.63181 0.33634
0.61723 0.34936
0.60233 0.36199
0.58709 0.37423
0.57154 0.38607
0.55569 0.39750
0.53955 0.40851
0.52313 0.41910
0.50643 0.42926
0.48948 0.43897
0.47228 0.44825
0.45484 0.45707
0.43718 0.46543
0.41931 0.47334
0.40124 0.48077
0.38298 0.48773
0.36454 0.49421
0.34594 0.50021
0.32720 0.50572
0.30831 0.51075
0.28930 0.51528
0.27018 0.51931
0.25096 0.52284
0.23166 0.52587
0.21228 0.52840
0.19284 0.53042
0.17336 0.53193
0.15385 0.53294
nan nan
0.50000 -0.86603
0.51548 -0.85679
0.53068 -0.84711
0.54560 -0.83700
0.56022 -0.82646
0.57453 -0.81551
0.58852 -0.80414
0.60217 -0.79238
0.61549 -0.78023
0.62844 -0.76770
0.64103 -0.75480
0.65324 -0.74155
0.66506 -0.72794
0.67649 -0.71401
0.68751 -0.69975
0.69811 -0.68517
0.70829 -0.67030
0.71804 -0.65514
0.72735 -0.63971
0.73620 -0.62401
0.74460 -0.60806
0.75254 -0.59188
0.76001 -0.57548
0.76700 -0.55887
0.77351 -0.54206
0.77953 -0.52508
0.78506 -0.50792
0.79009 -0.49062
0.79462 -0.47317
0.79865 -0.45561
0.80217 -0.43793
0.80518 -0.42016
0.80767 -0.40231
0.80965 -0.38440
0.81111 -0.36643
0.81205 -0.34844
0.81247 -0.33042
0.81238 -0.31240
0.81176 -0.29438
0.81063 -0.27640
0.80897 -0.25845
0.80680 -0.24056
0.80412 -0.22274
0.80092 -0.20500
0.79721 -0.18736
0.79300 -0.16984
0.78828 -0.15245
0.78306 -0.13519
0.77735 -0.11810
0.77114 -0.10118
0.76445 -0.08444
0.75728 -0.06791
0.74964 -0.05159
0.74153 -0.03549
0.73296 -0.01964
0.72393 -0.00404
0.71446 0.01130
0.70456 0.02635
0.69422 0.04111
0.68346 0.05557
0.67228 0.06971
0.66071 0.08353
0.64874 0.09700
0.63639 0.11013
0.62366 0.12289
0.61057 0.13528
0.59713 0.14728
0.58335 0.15890
0.56924 0.17011
0.55481 0.18091
0.54008 0.19129
0.52506 0.20125
0.50975 0.21076
0.49417 0.21983
0.47834 0.22844
0.46227 0.23660
0.44597 0.24429
0.42946 0.25151
0.41274 0.25824
0.39584 0.26449
0.37876 0.27026
0.36152 0.27552
0.34414 0.28029
0.32663 0.28456
0.30901 0.28832
0.29128 0.29156
0.27347 0.29430
0.25558 0.29652
0.23764 0.29823
0.21965 0.29941
0.20164 0.30008
0.18362 0.30023
0.16560 0.29986
0.14760 0.29897
0.12963 0.29756
0.11172 0.29563
0.09386 0.29319
0.07608 0.29023
0.05839 0.28676
0.04082 0.28278
nan nan
0.50000 0.86603
0.48209 0.87609
0.46395 0.88573
0.44559 0.89494
0.42701 0.90371
0.40824 0.91205
0.38927 0.91995
0.37013 0.92739
0.35081 0.93439
0.33134 0.94093
0.31172 0.94701
0.29196 0.95263
0.27207 0.95778
0.25207 0.96247
0.23197 0.96669
0.21177 0.97043
0.19149 0.97369
0.17113 0.97648
0.15072 0.97879
0.13026 0.98063
0.10976 0.98198
0.08924 0.98284
0.06870 0.98323
0.04816 0.98314
0.02762 0.98256
0.00711 0.98150
-0.01338 0.97996
-0.03382 0.97794
-0.05421 0.97543
-0.07454 0.97246
-0.09479 0.96900
-0.11495 0.96507
-0.13502 0.96067
-0.15497 0.95580
-0.17481 0.95046
-0.19452 0.94465
-0.21408 0.93839
-0.23349 0.93167
-0.25274 0.92449
-0.27182 0.91687
-0.29071 0.90880
-0.30940 0.90028
-0.32789 0.89134
-0.34617 0.88195
-0.36422 0.87215
-0.38204 0.86192
-0.39961 0.85128
-0.41692 0.84022
-0.43397 0.82877
-0.45075 0.81691
-0.46725 0.80467
-0.48345 0.79204
-0.49935 0.77904
-0.51494 0.76566
-0.53022 0.75192
-0.54516 0.73783
-0.55978 0.72339
-0.57405 0.70861
-0.58796 0.69351
-0.60152 0.67807
-0.61472 0.66233
-0.62754 0.64628
-0.63998 0.62993
-0.65203 0.61330
-0.66369 0.59638
-0.67495 0.57920
-0.68580 0.56176
-0.69624 0.54407
-0.70627 0.52613
-0.71586 0.50797
-0.72503 0.48959
-0.73377 0.47099
-0.74206 0.45220
-0.74992 0.43322
-0.75732 0.41406
-0.76428 0.39473
-0.77077 0.37524
-0.77681 0.35560
-0.78239 0.33583
-0.78750 0.31593
-0.79214 0.29592
-0.79631 0.27581
-0.80000 0.25560
-0.80323 0.23531
-0.80597 0.21495
-0.80824 0.19454
-0.81002 0.17407
-0.81133 0.15357
-0.81215 0.13304
-0.81249 0.11250
-0.81235 0.09196
-0.81172 0.07143
-0.81062 0.05092
-0.80903 0.03043
-0.80697 0.01000
-0.80442 -0.01039
-0.80140 -0.03071
-0.79789 -0.05095
-0.79392 -0.07110
-0.78947 -0.09116
nan nan
0.50000 0.86603
0.48295 0.87557
0.46566 0.88468
0.44814 0.89333
0.43039 0.90151
0.41244 0.90924
0.39430 0.91649
0.37597 0.92327
0.35747 0.92957
0.33881 0.93538
0.32001 0.94071
0.30108 0.94554
0.28203 0.94988
0.26287 0.95373
0.24361 0.95707
0.22428 0.95991
0.20488 0.96224
0.18542 0.96407
0.16593 0.96539
0.14640 0.96620
0.12686 0.96650
0.10732 0.96630
0.08779 0.96558
0.06829 0.96436
0.04883 0.96263
0.02941 0.96039
0.01007 0.95765
-0.00920 0.95440
-0.02838 0.95065
-0.04746 0.94641
-0.06641 0.94167
-0.08524 0.93644
-0.10393 0.93071
-0.12246 0.92451
-0.14082 0.91782
-0.15900 0.91066
-0.17699 0.90302
-0.19477 0.89492
-0.21234 0.88636
-0.22967 0.87734
-0.24677 0.86788
-0.26361 0.85797
-0.28019 0.84763
-0.29650 0.83686
-0.31252 0.82567
-0.32824 0.81406
-0.34365 0.80205
-0.35875 0.78964
-0.37352 0.77685
-0.38795 0.76367
-0.40203 0.75012
-0.41575 0.73621
-0.42911 0.72194
-0.44209 0.70733
-0.45468 0.69239
-0.46688 0.67713
-0.47868 0.66155
-0.49007 0.64567
-0.50105 0.62950
-0.51159 0.61305
-0.52171 0.59633
-0.53138 0.57936
-0.54061 0.56213
-0.54939 0.54467
-0.55771 0.52699
-0.56557 0.50910
-0.57296 0.49101
-0.57987 0.47273
-0.58631 0.45428
-0.59226 0.43567
-0.59773 0.41691
-0.60271 0.39801
-0.60719 0.37899
-0.61117 0.35986
-0.61466 0.34063
-0.61764 0.32132
-0.62012 0.30194
-0.62209 0.28250
-0.62356 0.26301
-0.62451 0.24349
-0.62496 0.22396
-0.62490 0.20441
-0.62433 0.18488
-0.62325 0.16537
-0.62167 0.14589
-0.61958 0.12646
-0.61698 0.10710
-0.61387 0.08780
-0.61027 0.06860
-0.60617 0.04949
-0.60157 0.03050
-0.59648 0.01163
-0.59089 -0.00709
-0.58482 -0.02567
-0.57827 -0.04408
-0.57125 -0.06231
-0.56375 -0.08036
-0.55578 -0.09820
-0.54735 -0.11583
-0.53846 -0.13323
nan nan
0.50000 0.86603
0.48426 0.87481
0.46828 0.88314
0.45206 0.89100
0.43563 0.89840
0.41898 0.90531
0.40215 0.91174
0.38513 0.91769
0.36796 0.92314
0.35063 0.92810
0.33316 0.93255
0.31558 0.93650
0.29789 0.93993
0.28010 0.94286
0.26224 0.94527
0.24432 0.94717
0.22635 0.94855
0.20835 0.94941
0.19033 0.94975
0.17231 0.94957
0.15430 0.94888
0.13632 0.94766
0.11838 0.94593
0.10050 0.94367
0.08269 0.94091
0.06496 0.93763
0.04734 0.93384
0.02984 0.92955
0.01247 0.92475
-0.00476 0.91945
-0.02183 0.91366
-0.03872 0.90738
-0.05542 0.90062
-0.07193 0.89337
-0.08821 0.88566
-0.10427 0.87747
-0.12009 0.86883
-0.13565 0.85974
-0.15094 0.85020
-0.16595 0.84022
-0.18066 0.82982
-0.19507 0.81899
-0.20916 0.80775
-0.22292 0.79612
-0.23634 0.78409
-0.24941 0.77167
-0.26212 0.75889
-0.27445 0.74575
-0.28639 0.73225
-0.29795 0.71842
-0.30909 0.70426
-0.31983 0.68978
-0.33014 0.67500
-0.34003 0.65993
-0.34947 0.64458
-0.35847 0.62896
-0.36702 0.61310
-0.37510 0.59699
-0.38271 0.58065
-0.38985 0.56411
-0.39652 0.54736
-0.40269 0.53043
-0.40838 0.51332
-0.41357 0.49607
-0.41825 0.47866
-0.42244 0.46113
-0.42612 0.44349
-0.42929 0.42575
-0.43194 0.40792
-0.43408 0.39003
-0.43571 0.37208
-0.43681 0.35409
-0.43740 0.33608
-0.43746 0.31805
-0.43701 0.30004
-0.43604 0.28204
-0.43455 0.26408
-0.43254 0.24617
-0.43002 0.22832
-0.42698 0.21056
-0.42343 0.19289
-0.41937 0.17533
-0.41481 0.15789
-0.40975 0.14059
-0.40419 0.12345
-0.39814 0.10647
-0.39160 0.08968
-0.38459 0.07308
-0.37709 0.05669
-0.36913 0.04052
-0.36070 0.02459
-0.35182 0.00891
-0.34249 -0.00651
-0.33271 -0.02166
-0.32251 -0.03651
-0.31188 -0.05107
-0.30084 -0.06531
-0.28939 -0.07923
-0.27754 -0.09281
-0.26531 -0.10604
