x y
0.50000 -0.86603
0.50252 -0.86453
0.50501 -0.86297
0.50746 -0.86136
0.50988 -0.85969
0.51225 -0.85796
0.51458 -0.85618
0.51687 -0.85434
0.51911 -0.85245
0.52131 -0.85051
0.52347 -0.84852
0.52557 -0.84647
0.52763 -0.84438
0.52964 -0.84224
0.53160 -0.84005
0.53350 -0.83782
0.53536 -0.83555
0.53716 -0.83323
0.53890 -0.83087
0.54059 -0.82847
0.54222 -0.82603
0.54379 -0.82355
0.54531 -0.82104
0.54676 -0.81849
0.54816 -0.81591
0.54949 -0.81329
0.55077 -0.81065
0.55198 -0.80798
0.55312 -0.80527
0.55421 -0.80255
0.55522 -0.79979
0.55618 -0.79702
0.55707 -0.79422
0.55789 -0.79141
0.55865 -0.78857
0.55934 -0.78572
0.55996 -0.78285
0.56051 -0.77997
0.56100 -0.77707
0.56142 -0.77417
0.56177 -0.77126
0.56205 -0.76833
0.56227 -0.76541
0.56241 -0.76248
0.56249 -0.75954
0.56249 -0.75661
0.56243 -0.75367
0.56230 -0.75074
0.56210 -0.74781
0.56183 -0.74489
0.56150 -0.74198
0.56109 -0.73907
0.56062 -0.73617
0.56008 -0.73329
0.55947 -0.73042
0.55879 -0.72756
0.55805 -0.72472
0.55724 -0.72190
0.55637 -0.71910
0.55543 -0.71632
0.55442 -0.71356
0.55335 -0.71083
0.55222 -0.70813
0.55102 -0.70545
0.54976 -0.70280
0.54844 -0.70018
0.54706 -0.69759
0.54561 -0.69503
0.54411 -0.69251
0.54255 -0.69003
0.54093 -0.68758
0.53925 -0.68517
0.53752 -0.68280
0.53573 -0.68047
0.53389 -0.67819
0.53200 -0.67595
0.53005 -0.67375
0.52805 -0.67160
0.52600 -0.66950
0.52391 -0.66745
0.52176 -0.66544
0.51957 -0.66349
0.51734 -0.66159
0.51506 -0.65974
0.51273 -0.65795
0.51037 -0.65621
0.50797 -0.65453
0.50552 -0.65290
0.50304 -0.65133
0.50053 -0.64982
0.49797 -0.64837
0.49539 -0.64698
0.49277 -0.64566
0.49012 -0.64439
0.48745 -0.64319
0.48474 -0.64204
0.48201 -0.64097
0.47926 -0.63995
0.47648 -0.63901
0.47368 -0.63812
nan nan
0.50000 -0.86603
0.50560 -0.86270
0.51111 -0.85922
0.51652 -0.85560
0.52185 -0.85185
0.52707 -0.84795
0.53219 -0.84392
0.53720 -0.83976
0.54210 -0.83547
0.54689 -0.83105
0.55156 -0.82652
0.55611 -0.82186
0.56054 -0.81708
0.56484 -0.81219
0.56901 -0.80719
0.57305 -0.80208
0.57696 -0.79687
0.58073 -0.79156
0.58436 -0.78615
0.58785 -0.78065
0.59120 -0.77506
0.59439 -0.76938
0.59744 -0.76362
0.60034 -0.75779
0.60308 -0.75188
0.60567 -0.74591
0.60810 -0.73986
0.61038 -0.73376
0.61249 -0.72760
0.61445 -0.72139
0.61624 -0.71512
0.61787 -0.70882
0.61933 -0.70247
0.62063 -0.69608
0.62175 -0.68967
0.62272 -0.68323
0.62351 -0.67676
0.62414 -0.67028
0.62459 -0.66378
0.62488 -0.65727
0.62500 -0.65076
0.62494 -0.64425
0.62472 -0.63774
0.62433 -0.63124
0.62377 -0.62475
0.62304 -0.61827
0.62214 -0.61182
0.62108 -0.60540
0.61984 -0.59900
0.61844 -0.59264
0.61688 -0.58631
0.61515 -0.58003
0.61326 -0.57380
0.61120 -0.56762
0.60899 -0.56149
0.60662 -0.55543
0.60409 -0.54943
0.60140 -0.54349
0.59856 -0.53763
0.59557 -0.53184
0.59243 -0.52614
0.58914 -0.52051
0.58571 -0.51498
0.58213 -0.50953
0.57842 -0.50418
0.57456 -0.49893
0.57057 -0.49379
0.56645 -0.48874
0.56219 -0.48381
0.55781 -0.47899
0.55331 -0.47429
0.54868 -0.46970
0.54394 -0.46524
0.53908 -0.46090
0.53411 -0.45669
0.52903 -0.45261
0.52385 -0.44866
0.51856 -0.44485
0.51318 -0.44118
0.50771 -0.43765
0.50214 -0.43426
0.49649 -0.43103
0.49076 -0.42793
0.48495 -0.42499
0.47906 -0.42221
0.47310 -0.41957
0.46708 -0.41709
0.46099 -0.41477
0.45485 -0.41261
0.44865 -0.41061
0.44240 -0.40878
0.43610 -0.40710
0.42977 -0.40559
0.42339 -0.40425
0.41699 -0.40307
0.41055 -0.40206
0.40409 -0.40122
0.39761 -0.40054
0.39112 -0.40004
0.38462 -0.39970
nan nan
0.50000 -0.86603
0.50929 -0.86048
0.51841 -0.85468
0.52736 -0.84861
0.53613 -0.84229
0.54472 -0.83571
0.55311 -0.82890
0.56130 -0.82184
0.56929 -0.81455
0.57706 -0.80703
0.58462 -0.79929
0.59194 -0.79134
0.59904 -0.78318
0.60589 -0.77481
0.61251 -0.76626
0.61887 -0.75751
0.62498 -0.74859
0.63082 -0.73949
0.63641 -0.73023
0.64172 -0.72082
0.64676 -0.71125
0.65152 -0.70154
0.65600 -0.69170
0.66020 -0.68173
0.66410 -0.67165
0.66772 -0.66146
0.67104 -0.65116
0.67405 -0.64078
0.67677 -0.63031
0.67919 -0.61977
0.68130 -0.60917
0.68311 -0.59851
0.68460 -0.58780
0.68579 -0.57705
0.68667 -0.56627
0.68723 -0.55547
0.68748 -0.54466
0.68743 -0.53385
0.68706 -0.52304
0.68638 -0.51225
0.68538 -0.50148
0.68408 -0.49074
0.68247 -0.48005
0.68055 -0.46941
0.67833 -0.45883
0.67580 -0.44831
0.67297 -0.43788
0.66984 -0.42753
0.66641 -0.41727
0.66268 -0.40712
0.65867 -0.39708
0.65437 -0.38716
0.64978 -0.37736
0.64492 -0.36771
0.63978 -0.35819
0.63436 -0.34883
0.62868 -0.33963
0.62273 -0.33060
0.61653 -0.32174
0.61007 -0.31307
0.60337 -0.30458
0.59643 -0.29629
0.58924 -0.28821
0.58183 -0.28033
0.57420 -0.27268
0.56634 -0.26524
0.55828 -0.25804
0.55001 -0.25107
0.54155 -0.24434
0.53289 -0.23786
0.52405 -0.23163
0.51503 -0.22566
0.50585 -0.21995
0.49650 -0.21451
0.48701 -0.20934
0.47736 -0.20445
0.46758 -0.19984
0.45767 -0.19551
0.44764 -0.19146
0.43750 -0.18771
0.42726 -0.18426
0.41691 -0.18110
0.40649 -0.17823
0.39598 -0.17568
0.38540 -0.17342
0.37477 -0.17147
0.36408 -0.16983
0.35335 -0.16850
0.34258 -0.16747
0.33179 -0.16676
0.32099 -0.16636
0.31017 -0.16627
0.29936 -0.16650
0.28856 -0.16703
0.27778 -0.16788
0.26703 -0.16903
0.25632 -0.17050
0.24565 -0.17227
0.23504 -0.17435
0.22449 -0.17674
nan nan
0.50000 0.86603
0.49744 0.86746
0.49485 0.86884
0.49223 0.87016
0.48957 0.87141
0.48689 0.87260
0.48418 0.87373
0.48145 0.87479
0.47869 0.87579
0.47591 0.87673
0.47310 0.87759
0.47028 0.87840
0.46744 0.87913
0.46458 0.87980
0.46171 0.88041
0.45882 0.88094
0.45593 0.88141
0.45302 0.88181
0.45010 0.88214
0.44718 0.88240
0.44425 0.88259
0.44132 0.88271
0.43839 0.88277
0.43545 0.88276
0.43252 0.88267
0.42959 0.88252
0.42666 0.88230
0.42374 0.88201
0.42083 0.88166
0.41792 0.88123
0.41503 0.88074
0.41215 0.88017
0.40928 0.87955
0.40643 0.87885
0.40360 0.87809
0.40078 0.87726
0.39799 0.87636
0.39522 0.87540
0.39247 0.87438
0.38974 0.87329
0.38704 0.87214
0.38437 0.87092
0.38173 0.86964
0.37912 0.86830
0.37654 0.86690
0.37399 0.86544
0.37148 0.86392
0.36901 0.86234
0.36658 0.86070
0.36418 0.85901
0.36182 0.85726
0.35951 0.85546
0.35724 0.85360
0.35501 0.85169
0.35283 0.84973
0.35069 0.84771
0.34860 0.84565
0.34656 0.84354
0.34458 0.84138
0.34264 0.83918
0.34075 0.83693
0.33892 0.83463
0.33715 0.83230
0.33542 0.82992
0.33376 0.82750
0.33215 0.82505
0.33060 0.82256
0.32911 0.82003
0.32768 0.81747
0.32631 0.81487
0.32500 0.81225
0.32375 0.80959
0.32256 0.80691
0.32144 0.80420
0.32038 0.80146
0.31939 0.79870
0.31846 0.79591
0.31760 0.79311
0.31680 0.79028
0.31607 0.78744
0.31541 0.78458
0.31481 0.78171
0.31429 0.77882
0.31382 0.77592
0.31343 0.77302
0.31311 0.77010
0.31285 0.76717
0.31267 0.76425
0.31255 0.76131
0.31250 0.75838
0.31252 0.75544
0.31261 0.75251
0.31277 0.74958
0.31300 0.74666
0.31329 0.74374
0.31365 0.74082
0.31409 0.73792
0.31459 0.73503
0.31515 0.73215
0.31579 0.72928
nan nan
0.50000 0.86603
0.49432 0.86921
0.48855 0.87224
0.48271 0.87513
0.47680 0.87785
0.47081 0.88043
0.46477 0.88285
0.45866 0.88511
0.45249 0.88721
0.44627 0.88914
0.44000 0.89092
0.43369 0.89253
0.42734 0.89398
0.42096 0.89526
0.41454 0.89637
0.40809 0.89732
0.40163 0.89810
0.39514 0.89871
0.38864 0.89915
0.38213 0.89942
0.37562 0.89952
0.36911 0.89945
0.36260 0.89921
0.35610 0.89880
0.34961 0.89823
0.34314 0.89748
0.33669 0.89657
0.33027 0.89548
0.32387 0.89424
0.31751 0.89282
0.31120 0.89124
0.30492 0.88950
0.29869 0.88759
0.29251 0.88552
0.28639 0.88329
0.28033 0.88090
0.27434 0.87836
0.26841 0.87566
0.26255 0.87280
0.25678 0.86980
0.25108 0.86664
0.24546 0.86334
0.23994 0.85989
0.23450 0.85630
0.22916 0.85257
0.22392 0.84870
0.21878 0.84470
0.21375 0.84056
0.20883 0.83630
0.20402 0.83191
0.19932 0.82739
0.19475 0.82275
0.19030 0.81800
0.18597 0.81313
0.18177 0.80815
0.17771 0.80306
0.17377 0.79787
0.16998 0.79258
0.16632 0.78719
0.16280 0.78170
0.15943 0.77613
0.15621 0.77047
0.15313 0.76473
0.15020 0.75891
0.14743 0.75301
0.14481 0.74705
0.14235 0.74102
0.14004 0.73493
0.13790 0.72878
0.13591 0.72257
0.13409 0.71632
0.13243 0.71002
0.13094 0.70368
0.12961 0.69730
0.12845 0.69089
0.12745 0.68446
0.12663 0.67800
0.12597 0.67152
0.12548 0.66502
0.12516 0.65851
0.12501 0.65200
0.12503 0.64549
0.12522 0.63898
0.12558 0.63247
0.12611 0.62598
0.12681 0.61950
0.12767 0.61305
0.12871 0.60662
0.12991 0.60022
0.13128 0.59385
0.13281 0.58752
0.13451 0.58123
0.13637 0.57499
0.13839 0.56879
0.14058 0.56266
0.14292 0.55658
0.14542 0.55056
0.14807 0.54462
0.15088 0.53874
0.15385 0.53294
nan nan
0.50000 0.86603
0.49056 0.87130
0.48097 0.87629
0.47124 0.88101
0.46138 0.88545
0.45139 0.88960
0.44129 0.89346
0.43108 0.89702
0.42077 0.90029
0.41038 0.90327
0.39990 0.90594
0.38935 0.90831
0.37873 0.91037
0.36806 0.91213
0.35735 0.91357
0.34659 0.91471
0.33581 0.91554
0.32501 0.91606
0.31420 0.91626
0.30338 0.91616
0.29258 0.91574
0.28179 0.91501
0.27103 0.91397
0.26030 0.91261
0.24961 0.91096
0.23898 0.90899
0.22841 0.90672
0.21790 0.90414
0.20748 0.90126
0.19714 0.89808
0.18690 0.89461
0.17677 0.89084
0.16675 0.88678
0.15684 0.88243
0.14707 0.87780
0.13744 0.87290
0.12795 0.86771
0.11861 0.86225
0.10944 0.85653
0.10043 0.85054
0.09160 0.84430
0.08296 0.83780
0.07450 0.83106
0.06625 0.82408
0.05819 0.81686
0.05035 0.80941
0.04273 0.80174
0.03533 0.79386
0.02816 0.78576
0.02123 0.77746
0.01454 0.76896
0.00810 0.76028
0.00191 0.75141
-0.00402 0.74237
-0.00968 0.73316
-0.01508 0.72379
-0.02021 0.71427
-0.02506 0.70460
-0.02963 0.69480
-0.03391 0.68487
-0.03791 0.67483
-0.04161 0.66467
-0.04503 0.65440
-0.04814 0.64405
-0.05095 0.63361
-0.05346 0.62309
-0.05567 0.61250
-0.05757 0.60186
-0.05917 0.59116
-0.06045 0.58043
-0.06142 0.56966
-0.06209 0.55886
-0.06244 0.54806
-0.06248 0.53724
-0.06221 0.52643
-0.06162 0.51563
-0.06073 0.50486
-0.05952 0.49411
-0.05801 0.48340
-0.05619 0.47274
-0.05406 0.46214
-0.05162 0.45161
-0.04889 0.44114
-0.04585 0.43077
-0.04252 0.42048
-0.03888 0.41029
-0.03496 0.40022
-0.03075 0.39026
-0.02625 0.38042
-0.02148 0.37072
-0.01642 0.36116
-0.01109 0.35175
-0.00549 0.34250
0.00037 0.33342
0.00649 0.32450
0.01287 0.31577
0.01950 0.30723
0.02637 0.29887
0.03348 0.29072
0.04082 0.28278
nan nan
-1.00000 0.00000
-0.99997 -0.00293
-0.99986 -0.00587
-0.99969 -0.00880
-0.99945 -0.01172
-0.99914 -0.01464
-0.99876 -0.01755
-0.99832 -0.02045
-0.99780 -0.02334
-0.99722 -0.02622
-0.99657 -0.02908
-0.99585 -0.03192
-0.99507 -0.03475
-0.99422 -0.03756
-0.99331 -0.04035
-0.99233 -0.04312
-0.99128 -0.04586
-0.99018 -0.04858
-0.98900 -0.05127
-0.98777 -0.05393
-0.98647 -0.05656
-0.98511 -0.05916
-0.98369 -0.06173
-0.98221 -0.06427
-0.98068 -0.06677
-0.97908 -0.06923
-0.97743 -0.07165
-0.97572 -0.07404
-0.97395 -0.07638
-0.97213 -0.07868
-0.97026 -0.08094
-0.96833 -0.08316
-0.96635 -0.08532
-0.96432 -0.08744
-0.96225 -0.08952
-0.96012 -0.09154
-0.95795 -0.09351
-0.95573 -0.09543
-0.95347 -0.09730
-0.95116 -0.09912
-0.94881 -0.10088
-0.94642 -0.10258
-0.94400 -0.10423
-0.94153 -0.10582
-0.93903 -0.10736
-0.93649 -0.10883
-0.93392 -0.11024
-0.93131 -0.11160
-0.92868 -0.11289
-0.92601 -0.11412
-0.92332 -0.11528
-0.92060 -0.11639
-0.91786 -0.11742
-0.91509 -0.11840
-0.91230 -0.11931
-0.90949 -0.12015
-0.90666 -0.12093
-0.90381 -0.12164
-0.90094 -0.12228
-0.89807 -0.12285
-0.89518 -0.12336
-0.89227 -0.12380
-0.88936 -0.12417
-0.88644 -0.12447
-0.88352 -0.12471
-0.88059 -0.12487
-0.87766 -0.12497
-0.87472 -0.12500
-0.87179 -0.12496
-0.86885 -0.12485
-0.86593 -0.12467
-0.86300 -0.12442
-0.86008 -0.12411
-0.85717 -0.12372
-0.85427 -0.12327
-0.85139 -0.12275
-0.84851 -0.12216
-0.84565 -0.12151
-0.84281 -0.12078
-0.83998 -0.11999
-0.83717 -0.11914
-0.83439 -0.11822
-0.83162 -0.11723
-0.82888 -0.11618
-0.82617 -0.11507
-0.82348 -0.11389
-0.82082 -0.11265
-0.81819 -0.11134
-0.81559 -0.10998
-0.81303 -0.10856
-0.81050 -0.10707
-0.80800 -0.10553
-0.80554 -0.10392
-0.80312 -0.10227
-0.80074 -0.10055
-0.79840 -0.09878
-0.79610 -0.09695
-0.79385 -0.09507
-0.79164 -0.09314
-0.78947 -0.09116
nan nan
-1.00000 0.00000
-0.99992 -0.00651
-0.99966 -0.01302
-0.99924 -0.01952
-0.99864 -0.02601
-0.99788 -0.03248
-0.99695 -0.03892
-0.99585 -0.04535
-0.99459 -0.05174
-0.99316 -0.05809
-0.99156 -0.06440
-0.98980 -0.07068
-0.98788 -0.07690
-0.98579 -0.08307
-0.98355 -0.08919
-0.98115 -0.09524
-0.97859 -0.10123
-0.97587 -0.10715
-0.97300 -0.11300
-0.96999 -0.11877
-0.96682 -0.12446
-0.96350 -0.13007
-0.96004 -0.13559
-0.95644 -0.14101
-0.95269 -0.14634
-0.94881 -0.15157
-0.94479 -0.15670
-0.94064 -0.16172
-0.93637 -0.16664
-0.93196 -0.17143
-0.92743 -0.17612
-0.92279 -0.18068
-0.91802 -0.18512
-0.91314 -0.18943
-0.90815 -0.19362
-0.90305 -0.19768
-0.89785 -0.20160
-0.89255 -0.20538
-0.88715 -0.20902
-0.88166 -0.21253
-0.87607 -0.21588
-0.87041 -0.21909
-0.86466 -0.22216
-0.85883 -0.22507
-0.85293 -0.22783
-0.84696 -0.23043
-0.84092 -0.23288
-0.83483 -0.23517
-0.82867 -0.23730
-0.82246 -0.23927
-0.81620 -0.24108
-0.80990 -0.24272
-0.80356 -0.24420
-0.79718 -0.24551
-0.79076 -0.24665
-0.78432 -0.24763
-0.77786 -0.24844
-0.77138 -0.24908
-0.76488 -0.24956
-0.75837 -0.24986
-0.75186 -0.24999
-0.74535 -0.24996
-0.73884 -0.24975
-0.73234 -0.24938
-0.72584 -0.24883
-0.71937 -0.24812
-0.71292 -0.24723
-0.70649 -0.24618
-0.70009 -0.24497
-0.69372 -0.24358
-0.68740 -0.24203
-0.68111 -0.24032
-0.67487 -0.23845
-0.66869 -0.23641
-0.66256 -0.23421
-0.65648 -0.23185
-0.65048 -0.22934
-0.64453 -0.22666
-0.63866 -0.22384
-0.63287 -0.22086
-0.62716 -0.21774
-0.62153 -0.21446
-0.61598 -0.21104
-0.61053 -0.20748
-0.60517 -0.20378
-0.59991 -0.19993
-0.59475 -0.19596
-0.58970 -0.19184
-0.58476 -0.18760
-0.57993 -0.18323
-0.57521 -0.17874
-0.57061 -0.17413
-0.56614 -0.16939
-0.56179 -0.16455
-0.55756 -0.15959
-0.55347 -0.15452
-0.54951 -0.14935
-0.54569 -0.14407
-0.54200 -0.13870
-0.53846 -0.13323
nan nan
-1.00000 0.00000
-0.99984 -0.01081
-0.99938 -0.02162
-0.99860 -0.03240
-0.99751 -0.04316
-0.99611 -0.05388
-0.99440 -0.06456
-0.99239 -0.07518
-0.99007 -0.08575
-0.98744 -0.09624
-0.98452 -0.10665
-0.98129 -0.11697
-0.97777 -0.12719
-0.97396 -0.13731
-0.96985 -0.14732
-0.96546 -0.15720
-0.96079 -0.16695
-0.95583 -0.17656
-0.95060 -0.18603
-0.94511 -0.19534
-0.93934 -0.20449
-0.93331 -0.21347
-0.92703 -0.22227
-0.92050 -0.23088
-0.91372 -0.23931
-0.90670 -0.24753
-0.89944 -0.25555
-0.89196 -0.26336
-0.88425 -0.27095
-0.87633 -0.27831
-0.86821 -0.28544
-0.85987 -0.29233
-0.85135 -0.29898
-0.84263 -0.30539
-0.83374 -0.31153
-0.82467 -0.31742
-0.81543 -0.32305
-0.80604 -0.32841
-0.79649 -0.33349
-0.78681 -0.33829
-0.77699 -0.34282
-0.76704 -0.34706
-0.75697 -0.35101
-0.74680 -0.35467
-0.73652 -0.35803
-0.72615 -0.36110
-0.71570 -0.36387
-0.70517 -0.36633
-0.69457 -0.36849
-0.68392 -0.37034
-0.67321 -0.37189
-0.66247 -0.37312
-0.65170 -0.37405
-0.64090 -0.37466
-0.63009 -0.37497
-0.61928 -0.37496
-0.60847 -0.37464
-0.59767 -0.37400
-0.58690 -0.37306
-0.57616 -0.37181
-0.56546 -0.37024
-0.55481 -0.36837
-0.54422 -0.36620
-0.53369 -0.36371
-0.52324 -0.36093
-0.51288 -0.35785
-0.50261 -0.35446
-0.49244 -0.35079
-0.48238 -0.34682
-0.47244 -0.34256
-0.46263 -0.33802
-0.45295 -0.33320
-0.44341 -0.32810
-0.43403 -0.32273
-0.42480 -0.31709
-0.41574 -0.31118
-0.40685 -0.30502
-0.39815 -0.29860
-0.38964 -0.29194
-0.38132 -0.28503
-0.37320 -0.27789
-0.36529 -0.27051
-0.35760 -0.26291
-0.35013 -0.25509
-0.34289 -0.24706
-0.33588 -0.23882
-0.32912 -0.23039
-0.32260 -0.22176
-0.31633 -0.21295
-0.31032 -0.20396
-0.30457 -0.19480
-0.29908 -0.18548
-0.29387 -0.17601
-0.28893 -0.16639
-0.28428 -0.15663
-0.27990 -0.14674
-0.27581 -0.13673
-0.27202 -0.12660
-0.26851 -0.11637
-0.26531 -0.10604
