x y
-1.00000 0.00000
-0.99985 -0.01639
-0.99939 -0.03278
-0.99862 -0.04915
-0.99754 -0.06550
-0.99616 -0.08184
-0.99448 -0.09814
-0.99249 -0.11441
-0.99019 -0.13064
-0.98759 -0.14683
-0.98469 -0.16296
-0.98149 -0.17903
-0.97798 -0.19505
-0.97418 -0.21099
-0.97008 -0.22686
-0.96568 -0.24265
-0.96099 -0.25836
-0.95600 -0.27397
-0.95072 -0.28949
-0.94516 -0.30491
-0.93930 -0.32022
-0.93316 -0.33541
-0.92674 -0.35049
-0.92003 -0.36545
-0.91304 -0.38028
-0.90578 -0.39497
-0.89825 -0.40953
-0.89044 -0.42394
-0.88236 -0.43821
-0.87402 -0.45232
-0.86542 -0.46627
-0.85655 -0.48006
-0.84743 -0.49367
-0.83806 -0.50712
-0.82843 -0.52039
-0.81856 -0.53347
-0.80845 -0.54637
-0.79809 -0.55908
-0.78750 -0.57159
-0.77668 -0.58390
-0.76563 -0.59600
-0.75435 -0.60790
-0.74285 -0.61958
-0.73114 -0.63105
-0.71921 -0.64229
-0.70708 -0.65331
-0.69474 -0.66410
-0.68220 -0.67465
-0.66946 -0.68497
-0.65653 -0.69505
-0.64342 -0.70489
-0.63013 -0.71447
-0.61665 -0.72381
-0.60301 -0.73289
-0.58920 -0.74172
-0.57522 -0.75028
-0.56109 -0.75859
-0.54680 -0.76662
-0.53237 -0.77439
-0.51779 -0.78188
-0.50307 -0.78910
-0.48823 -0.79605
-0.47325 -0.80271
-0.45815 -0.80909
-0.44294 -0.81519
-0.42761 -0.82101
-0.41218 -0.82653
-0.39665 -0.83177
-0.38102 -0.83671
-0.36530 -0.84136
-0.34950 -0.84571
-0.33362 -0.84977
-0.31766 -0.85353
-0.30164 -0.85699
-0.28555 -0.86014
-0.26941 -0.86300
-0.25322 -0.86555
-0.23699 -0.86780
-0.22071 -0.86975
-0.20440 -0.87139
-0.18807 -0.87272
-0.17171 -0.87375
-0.15533 -0.87447
-0.13894 -0.87489
-0.12255 -0.87500
-0.10616 -0.87480
-0.08978 -0.87429
-0.07341 -0.87348
-0.05706 -0.87236
-0.04073 -0.87093
-0.02443 -0.86920
-0.00816 -0.86716
0.00806 -0.86482
0.02424 -0.86218
0.04036 -0.85923
0.05643 -0.85598
0.07243 -0.85244
0.08836 -0.84859
0.10422 -0.84444
0.12000 -0.84000
nan nan
-1.00000 0.00000
-0.99981 -0.01677
-0.99925 -0.03354
-0.99831 -0.05029
-0.99700 -0.06701
-0.99531 -0.08370
-0.99326 -0.10035
-0.99083 -0.11695
-0.98803 -0.13348
-0.98486 -0.14996
-0.98132 -0.16635
-0.97741 -0.18267
-0.97315 -0.19889
-0.96852 -0.21501
-0.96353 -0.23103
-0.95818 -0.24693
-0.95248 -0.26271
-0.94643 -0.27835
-0.94003 -0.29386
-0.93329 -0.30922
-0.92620 -0.32442
-0.91878 -0.33946
-0.91102 -0.35434
-0.90293 -0.36903
-0.89451 -0.38354
-0.88577 -0.39786
-0.87672 -0.41198
-0.86735 -0.42589
-0.85767 -0.43959
-0.84768 -0.45307
-0.83740 -0.46633
-0.82682 -0.47935
-0.81596 -0.49213
-0.80481 -0.50466
-0.79339 -0.51694
-0.78169 -0.52897
-0.76973 -0.54073
-0.75750 -0.55221
-0.74503 -0.56343
-0.73230 -0.57436
-0.71933 -0.58500
-0.70613 -0.59535
-0.69270 -0.60540
-0.67905 -0.61515
-0.66519 -0.62459
-0.65112 -0.63372
-0.63684 -0.64254
-0.62238 -0.65103
-0.60772 -0.65919
-0.59289 -0.66703
-0.57789 -0.67453
-0.56272 -0.68169
-0.54740 -0.68852
-0.53192 -0.69500
-0.51631 -0.70113
-0.50056 -0.70691
-0.48469 -0.71233
-0.46870 -0.71741
-0.45260 -0.72212
-0.43640 -0.72647
-0.42011 -0.73045
-0.40373 -0.73408
-0.38727 -0.73733
-0.37075 -0.74022
-0.35416 -0.74273
-0.33752 -0.74488
-0.32084 -0.74665
-0.30413 -0.74804
-0.28738 -0.74907
-0.27062 -0.74972
-0.25385 -0.74999
-0.23707 -0.74989
-0.22031 -0.74941
-0.20355 -0.74856
-0.18682 -0.74733
-0.17013 -0.74573
-0.15347 -0.74376
-0.13686 -0.74142
-0.12030 -0.73870
-0.10382 -0.73562
-0.08740 -0.73216
-0.07107 -0.72834
-0.05482 -0.72416
-0.03868 -0.71961
-0.02263 -0.71471
-0.00671 -0.70944
0.00910 -0.70382
0.02478 -0.69785
0.04031 -0.69153
0.05571 -0.68487
0.07095 -0.67786
0.08603 -0.67051
0.10094 -0.66283
0.11568 -0.65481
0.13023 -0.64647
0.14459 -0.63781
0.15876 -0.62882
0.17272 -0.61952
0.18647 -0.60991
0.20000 -0.60000
nan nan
-1.00000 0.00000
-0.99978 -0.01674
-0.99910 -0.03346
-0.99798 -0.05017
-0.99642 -0.06683
-0.99440 -0.08345
-0.99195 -0.10001
-0.98905 -0.11650
-0.98571 -0.13290
-0.98193 -0.14921
-0.97772 -0.16541
-0.97307 -0.18149
-0.96799 -0.19744
-0.96249 -0.21325
-0.95657 -0.22891
-0.95023 -0.24440
-0.94348 -0.25972
-0.93632 -0.27485
-0.92876 -0.28978
-0.92080 -0.30451
-0.91245 -0.31902
-0.90371 -0.33330
-0.89460 -0.34734
-0.88511 -0.36113
-0.87526 -0.37466
-0.86504 -0.38792
-0.85448 -0.40091
-0.84357 -0.41360
-0.83232 -0.42600
-0.82075 -0.43810
-0.80886 -0.44988
-0.79665 -0.46134
-0.78415 -0.47246
-0.77135 -0.48325
-0.75826 -0.49369
-0.74490 -0.50378
-0.73128 -0.51351
-0.71740 -0.52286
-0.70327 -0.53185
-0.68891 -0.54045
-0.67433 -0.54866
-0.65953 -0.55648
-0.64452 -0.56390
-0.62932 -0.57092
-0.61394 -0.57752
-0.59839 -0.58371
-0.58268 -0.58949
-0.56682 -0.59484
-0.55082 -0.59976
-0.53469 -0.60425
-0.51845 -0.60831
-0.50211 -0.61194
-0.48567 -0.61512
-0.46916 -0.61787
-0.45258 -0.62017
-0.43594 -0.62202
-0.41926 -0.62343
-0.40255 -0.62439
-0.38582 -0.62491
-0.36908 -0.62497
-0.35235 -0.62459
-0.33563 -0.62376
-0.31894 -0.62248
-0.30229 -0.62076
-0.28569 -0.61859
-0.26915 -0.61597
-0.25269 -0.61292
-0.23632 -0.60942
-0.22005 -0.60549
-0.20389 -0.60112
-0.18785 -0.59632
-0.17195 -0.59110
-0.15619 -0.58545
-0.14059 -0.57938
-0.12516 -0.57289
-0.10991 -0.56600
-0.09485 -0.55869
-0.07998 -0.55099
-0.06533 -0.54289
-0.05091 -0.53440
-0.03671 -0.52553
-0.02276 -0.51628
-0.00906 -0.50667
0.00438 -0.49668
0.01755 -0.48635
0.03043 -0.47566
0.04302 -0.46463
0.05532 -0.45327
0.06730 -0.44158
0.07897 -0.42958
0.09031 -0.41727
0.10132 -0.40465
0.11198 -0.39175
0.12230 -0.37857
0.13226 -0.36512
0.14186 -0.35140
0.15108 -0.33743
0.15993 -0.32322
0.16840 -0.30878
0.17647 -0.29412
nan nan
-0.00000 -1.00000
0.01639 -0.99985
0.03278 -0.99939
0.04915 -0.99862
0.06550 -0.99754
0.08184 -0.99616
0.09814 -0.99448
0.11441 -0.99249
0.13064 -0.99019
0.14683 -0.98759
0.16296 -0.98469
0.17903 -0.98149
0.19505 -0.97798
0.21099 -0.97418
0.22686 -0.97008
0.24265 -0.96568
0.25836 -0.96099
0.27397 -0.95600
0.28949 -0.95072
0.30491 -0.94516
0.32022 -0.93930
0.33541 -0.93316
0.35049 -0.92674
0.36545 -0.92003
0.38028 -0.91304
0.39497 -0.90578
0.40953 -0.89825
0.42394 -0.89044
0.43821 -0.88236
0.45232 -0.87402
0.46627 -0.86542
0.48006 -0.85655
0.49367 -0.84743
0.50712 -0.83806
0.52039 -0.82843
0.53347 -0.81856
0.54637 -0.80845
0.55908 -0.79809
0.57159 -0.78750
0.58390 -0.77668
0.59600 -0.76563
0.60790 -0.75435
0.61958 -0.74285
0.63105 -0.73114
0.64229 -0.71921
0.65331 -0.70708
0.66410 -0.69474
0.67465 -0.68220
0.68497 -0.66946
0.69505 -0.65653
0.70489 -0.64342
0.71447 -0.63013
0.72381 -0.61665
0.73289 -0.60301
0.74172 -0.58920
0.75028 -0.57522
0.75859 -0.56109
0.76662 -0.54680
0.77439 -0.53237
0.78188 -0.51779
0.78910 -0.50307
0.79605 -0.48823
0.80271 -0.47325
0.80909 -0.45815
0.81519 -0.44294
0.82101 -0.42761
0.82653 -0.41218
0.83177 -0.39665
0.83671 -0.38102
0.84136 -0.36530
0.84571 -0.34950
0.84977 -0.33362
0.85353 -0.31766
0.85699 -0.30164
0.86014 -0.28555
0.86300 -0.26941
0.86555 -0.25322
0.86780 -0.23699
0.86975 -0.22071
0.87139 -0.20440
0.87272 -0.18807
0.87375 -0.17171
0.87447 -0.15533
0.87489 -0.13894
0.87500 -0.12255
0.87480 -0.10616
0.87429 -0.08978
0.87348 -0.07341
0.87236 -0.05706
0.87093 -0.04073
0.86920 -0.02443
0.86716 -0.00816
0.86482 0.00806
0.86218 0.02424
0.85923 0.04036
0.85598 0.05643
0.85244 0.07243
0.84859 0.08836
0.84444 0.10422
0.84000 0.12000
nan nan
-0.00000 -1.00000
0.01677 -0.99981
0.03354 -0.99925
0.05029 -0.99831
0.06701 -0.99700
0.08370 -0.99531
0.10035 -0.99326
0.11695 -0.99083
0.13348 -0.98803
0.14996 -0.98486
0.16635 -0.98132
0.18267 -0.97741
0.19889 -0.97315
0.21501 -0.96852
0.23103 -0.96353
0.24693 -0.95818
0.26271 -0.95248
0.27835 -0.94643
0.29386 -0.94003
0.30922 -0.93329
0.32442 -0.92620
0.33946 -0.91878
0.35434 -0.91102
0.36903 -0.90293
0.38354 -0.89451
0.39786 -0.88577
0.41198 -0.87672
0.42589 -0.86735
0.43959 -0.85767
0.45307 -0.84768
0.46633 -0.83740
0.47935 -0.82682
0.49213 -0.81596
0.50466 -0.80481
0.51694 -0.79339
0.52897 -0.78169
0.54073 -0.76973
0.55221 -0.75750
0.56343 -0.74503
0.57436 -0.73230
0.58500 -0.71933
0.59535 -0.70613
0.60540 -0.69270
0.61515 -0.67905
0.62459 -0.66519
0.63372 -0.65112
0.64254 -0.63684
0.65103 -0.62238
0.65919 -0.60772
0.66703 -0.59289
0.67453 -0.57789
0.68169 -0.56272
0.68852 -0.54740
0.69500 -0.53192
0.70113 -0.51631
0.70691 -0.50056
0.71233 -0.48469
0.71741 -0.46870
0.72212 -0.45260
0.72647 -0.43640
0.73045 -0.42011
0.73408 -0.40373
0.73733 -0.38727
0.74022 -0.37075
0.74273 -0.35416
0.74488 -0.33752
0.74665 -0.32084
0.74804 -0.30413
0.74907 -0.28738
0.74972 -0.27062
0.74999 -0.25385
0.74989 -0.23707
0.74941 -0.22031
0.74856 -0.20355
0.74733 -0.18682
0.74573 -0.17013
0.74376 -0.15347
0.74142 -0.13686
0.73870 -0.12030
0.73562 -0.10382
0.73216 -0.08740
0.72834 -0.07107
0.72416 -0.05482
0.71961 -0.03868
0.71471 -0.02263
0.70944 -0.00671
0.70382 0.00910
0.69785 0.02478
0.69153 0.04031
0.68487 0.05571
0.67786 0.07095
0.67051 0.08603
0.66283 0.10094
0.65481 0.11568
0.64647 0.13023
0.63781 0.14459
0.62882 0.15876
0.61952 0.17272
0.60991 0.18647
0.60000 0.20000
nan nan
-0.00000 -1.00000
0.01674 -0.99978
0.03346 -0.99910
0.05017 -0.99798
0.06683 -0.99642
0.08345 -0.99440
0.10001 -0.99195
0.11650 -0.98905
0.13290 -0.98571
0.14921 -0.98193
0.16541 -0.97772
0.18149 -0.97307
0.19744 -0.96799
0.21325 -0.96249
0.22891 -0.95657
0.24440 -0.95023
0.25972 -0.94348
0.27485 -0.93632
0.28978 -0.92876
0.30451 -0.92080
0.31902 -0.91245
0.33330 -0.90371
0.34734 -0.89460
0.36113 -0.88511
0.37466 -0.87526
0.38792 -0.86504
0.40091 -0.85448
0.41360 -0.84357
0.42600 -0.83232
0.43810 -0.82075
0.44988 -0.80886
0.46134 -0.79665
0.47246 -0.78415
0.48325 -0.77135
0.49369 -0.75826
0.50378 -0.74490
0.51351 -0.73128
0.52286 -0.71740
0.53185 -0.70327
0.54045 -0.68891
0.54866 -0.67433
0.55648 -0.65953
0.56390 -0.64452
0.57092 -0.62932
0.57752 -0.61394
0.58371 -0.59839
0.58949 -0.58268
0.59484 -0.56682
0.59976 -0.55082
0.60425 -0.53469
0.60831 -0.51845
0.61194 -0.50211
0.61512 -0.48567
0.61787 -0.46916
0.62017 -0.45258
0.62202 -0.43594
0.62343 -0.41926
0.62439 -0.40255
0.62491 -0.38582
0.62497 -0.36908
0.62459 -0.35235
0.62376 -0.33563
0.62248 -0.31894
0.62076 -0.30229
0.61859 -0.28569
0.61597 -0.26915
0.61292 -0.25269
0.60942 -0.23632
0.60549 -0.22005
0.60112 -0.20389
0.59632 -0.18785
0.59110 -0.17195
0.58545 -0.15619
0.57938 -0.14059
0.57289 -0.12516
0.56600 -0.10991
0.55869 -0.09485
0.55099 -0.07998
0.54289 -0.06533
0.53440 -0.05091
0.52553 -0.03671
0.51628 -0.02276
0.50667 -0.00906
0.49668 0.00438
0.48635 0.01755
0.47566 0.03043
0.46463 0.04302
0.45327 0.05532
0.44158 0.06730
0.42958 0.07897
0.41727 0.09031
0.40465 0.10132
0.39175 0.11198
0.37857 0.12230
0.36512 0.13226
0.35140 0.14186
0.33743 0.15108
0.32322 0.15993
0.30878 0.16840
0.29412 0.17647
nan nan
1.00000 -0.00000
0.99985 0.01639
0.99939 0.03278
0.99862 0.04915
0.99754 0.06550
0.99616 0.08184
0.99448 0.09814
0.99249 0.11441
0.99019 0.13064
0.98759 0.14683
0.98469 0.16296
0.98149 0.17903
0.97798 0.19505
0.97418 0.21099
0.97008 0.22686
0.96568 0.24265
0.96099 0.25836
0.95600 0.27397
0.95072 0.28949
0.94516 0.30491
0.93930 0.32022
0.93316 0.33541
0.92674 0.35049
0.92003 0.36545
0.91304 0.38028
0.90578 0.39497
0.89825 0.40953
0.89044 0.42394
0.88236 0.43821
0.87402 0.45232
0.86542 0.46627
0.85655 0.48006
0.84743 0.49367
0.83806 0.50712
0.82843 0.52039
0.81856 0.53347
0.80845 0.54637
0.79809 0.55908
0.78750 0.57159
0.77668 0.58390
0.76563 0.59600
0.75435 0.60790
0.74285 0.61958
0.73114 0.63105
0.71921 0.64229
0.70708 0.65331
0.69474 0.66410
0.68220 0.67465
0.66946 0.68497
0.65653 0.69505
0.64342 0.70489
0.63013 0.71447
0.61665 0.72381
0.60301 0.73289
0.58920 0.74172
0.57522 0.75028
0.56109 0.75859
0.54680 0.76662
0.53237 0.77439
0.51779 0.78188
0.50307 0.78910
0.48823 0.79605
0.47325 0.80271
0.45815 0.80909
0.44294 0.81519
0.42761 0.82101
0.41218 0.82653
0.39665 0.83177
0.38102 0.83671
0.36530 0.84136
0.34950 0.84571
0.33362 0.84977
0.31766 0.85353
0.30164 0.85699
0.28555 0.86014
0.26941 0.86300
0.25322 0.86555
0.23699 0.86780
0.22071 0.86975
0.20440 0.87139
0.18807 0.87272
0.17171 0.87375
0.15533 0.87447
0.13894 0.87489
0.12255 0.87500
0.10616 0.87480
0.08978 0.87429
0.07341 0.87348
0.05706 0.87236
0.04073 0.87093
0.02443 0.86920
0.00816 0.86716
-0.00806 0.86482
-0.02424 0.86218
-0.04036 0.85923
-0.05643 0.85598
-0.07243 0.85244
-0.08836 0.84859
-0.10422 0.84444
-0.12000 0.84000
nan nan
1.00000 -0.00000
0.99981 0.01677
0.99925 0.03354
0.99831 0.05029
0.99700 0.06701
0.99531 0.08370
0.99326 0.10035
0.99083 0.11695
0.98803 0.13348
0.98486 0.14996
0.98132 0.16635
0.97741 0.18267
0.97315 0.19889
0.96852 0.21501
0.96353 0.23103
0.95818 0.24693
0.95248 0.26271
0.94643 0.27835
0.94003 0.29386
0.93329 0.30922
0.92620 0.32442
0.91878 0.33946
0.91102 0.35434
0.90293 0.36903
0.89451 0.38354
0.88577 0.39786
0.87672 0.41198
0.86735 0.42589
0.85767 0.43959
0.84768 0.45307
0.83740 0.46633
0.82682 0.47935
0.81596 0.49213
0.80481 0.50466
0.79339 0.51694
0.78169 0.52897
0.76973 0.54073
0.75750 0.55221
0.74503 0.56343
0.73230 0.57436
0.71933 0.58500
0.70613 0.59535
0.69270 0.60540
0.67905 0.61515
0.66519 0.62459
0.65112 0.63372
0.63684 0.64254
0.62238 0.65103
0.60772 0.65919
0.59289 0.66703
0.57789 0.67453
0.56272 0.68169
0.54740 0.68852
0.53192 0.69500
0.51631 0.70113
0.50056 0.70691
0.48469 0.71233
0.46870 0.71741
0.45260 0.72212
0.43640 0.72647
0.42011 0.73045
0.40373 0.73408
0.38727 0.73733
0.37075 0.74022
0.35416 0.74273
0.33752 0.74488
0.32084 0.74665
0.30413 0.74804
0.28738 0.74907
0.27062 0.74972
0.25385 0.74999
0.23707 0.74989
0.22031 0.74941
0.20355 0.74856
0.18682 0.74733
0.17013 0.74573
0.15347 0.74376
0.13686 0.74142
0.12030 0.73870
0.10382 0.73562
0.08740 0.73216
0.07107 0.72834
0.05482 0.72416
0.03868 0.71961
0.02263 0.71471
0.00671 0.70944
-0.00910 0.70382
-0.02478 0.69785
-0.04031 0.69153
-0.05571 0.68487
-0.07095 0.67786
-0.08603 0.67051
-0.10094 0.66283
-0.11568 0.65481
-0.13023 0.64647
-0.14459 0.63781
-0.15876 0.62882
-0.17272 0.61952
-0.18647 0.60991
-0.20000 0.60000
nan nan
1.00000 -0.00000
0.99978 0.01674
0.99910 0.03346
0.99798 0.05017
0.99642 0.06683
0.99440 0.08345
0.99195 0.10001
0.98905 0.11650
0.98571 0.13290
0.98193 0.14921
0.97772 0.16541
0.97307 0.18149
0.96799 0.19744
0.96249 0.21325
0.95657 0.22891
0.95023 0.24440
0.94348 0.25972
0.93632 0.27485
0.92876 0.28978
0.92080 0.30451
0.91245 0.31902
0.90371 0.33330
0.89460 0.34734
0.88511 0.36113
0.87526 0.37466
0.86504 0.38792
0.85448 0.40091
0.84357 0.41360
0.83232 0.42600
0.82075 0.43810
0.80886 0.44988
0.79665 0.46134
0.78415 0.47246
0.77135 0.48325
0.75826 0.49369
0.74490 0.50378
0.73128 0.51351
0.71740 0.52286
0.70327 0.53185
0.68891 0.54045
0.67433 0.54866
0.65953 0.55648
0.64452 0.56390
0.62932 0.57092
0.61394 0.57752
0.59839 0.58371
0.58268 0.58949
0.56682 0.59484
0.55082 0.59976
0.53469 0.60425
0.51845 0.60831
0.50211 0.61194
0.48567 0.61512
0.46916 0.61787
0.45258 0.62017
0.43594 0.62202
0.41926 0.62343
0.40255 0.62439
0.38582 0.62491
0.36908 0.62497
0.35235 0.62459
0.33563 0.62376
0.31894 0.62248
0.30229 0.62076
0.28569 0.61859
0.26915 0.61597
0.25269 0.61292
0.23632 0.60942
0.22005 0.60549
0.20389 0.60112
0.18785 0.59632
0.17195 0.59110
0.15619 0.58545
0.14059 0.57938
0.12516 0.57289
0.10991 0.56600
0.09485 0.55869
0.07998 0.55099
0.06533 0.54289
0.05091 0.53440
0.03671 0.52553
0.02276 0.51628
0.00906 0.50667
-0.00438 0.49668
-0.01755 0.48635
-0.03043 0.47566
-0.04302 0.46463
-0.05532 0.45327
-0.06730 0.44158
-0.07897 0.42958
-0.09031 0.41727
-0.10132 0.40465
-0.11198 0.39175
-0.12230 0.37857
-0.13226 0.36512
-0.14186 0.35140
-0.15108 0.33743
-0.15993 0.32322
-0.16840 0.30878
-0.17647 0.29412
nan nan
0.00000 1.00000
-0.01639 0.99985
-0.03278 0.99939
-0.04915 0.99862
-0.06550 0.99754
-0.08184 0.99616
-0.09814 0.99448
-0.11441 0.99249
-0.13064 0.99019
-0.14683 0.98759
-0.16296 0.98469
-0.17903 0.98149
-0.19505 0.97798
-0.21099 0.97418
-0.22686 0.97008
-0.24265 0.96568
-0.25836 0.96099
-0.27397 0.95600
-0.28949 0.95072
-0.30491 0.94516
-0.32022 0.93930
-0.33541 0.93316
-0.35049 0.92674
-0.36545 0.92003
-0.38028 0.91304
-0.39497 0.90578
-0.40953 0.89825
-0.42394 0.89044
-0.43821 0.88236
-0.45232 0.87402
-0.46627 0.86542
-0.48006 0.85655
-0.49367 0.84743
-0.50712 0.83806
-0.52039 0.82843
-0.53347 0.81856
-0.54637 0.80845
-0.55908 0.79809
-0.57159 0.78750
-0.58390 0.77668
-0.59600 0.76563
-0.60790 0.75435
-0.61958 0.74285
-0.63105 0.73114
-0.64229 0.71921
-0.65331 0.70708
-0.66410 0.69474
-0.67465 0.68220
-0.68497 0.66946
-0.69505 0.65653
-0.70489 0.64342
-0.71447 0.63013
-0.72381 0.61665
-0.73289 0.60301
-0.74172 0.58920
-0.75028 0.57522
-0.75859 0.56109
-0.76662 0.54680
-0.77439 0.53237
-0.78188 0.51779
-0.78910 0.50307
-0.79605 0.48823
-0.80271 0.47325
-0.80909 0.45815
-0.81519 0.44294
-0.82101 0.42761
-0.82653 0.41218
-0.83177 0.39665
-0.83671 0.38102
-0.84136 0.36530
-0.84571 0.34950
-0.84977 0.33362
-0.85353 0.31766
-0.85699 0.30164
-0.86014 0.28555
-0.86300 0.26941
-0.86555 0.25322
-0.86780 0.23699
-0.86975 0.22071
-0.87139 0.20440
-0.87272 0.18807
-0.87375 0.17171
-0.87447 0.15533
-0.87489 0.13894
-0.87500 0.12255
-0.87480 0.10616
-0.87429 0.08978
-0.87348 0.07341
-0.87236 0.05706
-0.87093 0.04073
-0.86920 0.02443
-0.86716 0.00816
-0.86482 -0.00806
-0.86218 -0.02424
-0.85923 -0.04036
-0.85598 -0.05643
-0.85244 -0.07243
-0.84859 -0.08836
-0.84444 -0.10422
-0.84000 -0.12000
nan nan
0.00000 1.00000
-0.01677 0.99981
-0.03354 0.99925
-0.05029 0.99831
-0.06701 0.99700
-0.08370 0.99531
-0.10035 0.99326
-0.11695 0.99083
-0.13348 0.98803
-0.14996 0.98486
-0.16635 0.98132
-0.18267 0.97741
-0.19889 0.97315
-0.21501 0.96852
-0.23103 0.96353
-0.24693 0.95818
-0.26271 0.95248
-0.27835 0.94643
-0.29386 0.94003
-0.30922 0.93329
-0.32442 0.92620
-0.33946 0.91878
-0.35434 0.91102
-0.36903 0.90293
-0.38354 0.89451
-0.39786 0.88577
-0.41198 0.87672
-0.42589 0.86735
-0.43959 0.85767
-0.45307 0.84768
-0.46633 0.83740
-0.47935 0.82682
-0.49213 0.81596
-0.50466 0.80481
-0.51694 0.79339
-0.52897 0.78169
-0.54073 0.76973
-0.55221 0.75750
-0.56343 0.74503
-0.57436 0.73230
-0.58500 0.71933
-0.59535 0.70613
-0.60540 0.69270
-0.61515 0.67905
-0.62459 0.66519
-0.63372 0.65112
-0.64254 0.63684
-0.65103 0.62238
-0.65919 0.60772
-0.66703 0.59289
-0.67453 0.57789
-0.68169 0.56272
-0.68852 0.54740
-0.69500 0.53192
-0.70113 0.51631
-0.70691 0.50056
-0.71233 0.48469
-0.71741 0.46870
-0.72212 0.45260
-0.72647 0.43640
-0.73045 0.42011
-0.73408 0.40373
-0.73733 0.38727
-0.74022 0.37075
-0.74273 0.35416
-0.74488 0.33752
-0.74665 0.32084
-0.74804 0.30413
-0.74907 0.28738
-0.74972 0.27062
-0.74999 0.25385
-0.74989 0.23707
-0.74941 0.22031
-0.74856 0.20355
-0.74733 0.18682
-0.74573 0.17013
-0.74376 0.15347
-0.74142 0.13686
-0.73870 0.12030
-0.73562 0.10382
-0.73216 0.08740
-0.72834 0.07107
-0.72416 0.05482
-0.71961 0.03868
-0.71471 0.02263
-0.70944 0.00671
-0.70382 -0.00910
-0.69785 -0.02478
-0.69153 -0.04031
-0.68487 -0.05571
-0.67786 -0.07095
-0.67051 -0.08603
-0.66283 -0.10094
-0.65481 -0.11568
-0.64647 -0.13023
-0.63781 -0.14459
-0.62882 -0.15876
-0.61952 -0.17272
-0.60991 -0.18647
-0.60000 -0.20000
nan nan
0.00000 1.00000
-0.01674 0.99978
-0.03346 0.99910
-0.05017 0.99798
-0.06683 0.99642
-0.08345 0.99440
-0.10001 0.99195
-0.11650 0.98905
-0.13290 0.98571
-0.14921 0.98193
-0.16541 0.97772
-0.18149 0.97307
-0.19744 0.96799
-0.21325 0.96249
-0.22891 0.95657
-0.24440 0.95023
-0.25972 0.94348
-0.27485 0.93632
-0.28978 0.92876
-0.30451 0.92080
-0.31902 0.91245
-0.33330 0.90371
-0.34734 0.89460
-0.36113 0.88511
-0.37466 0.87526
-0.38792 0.86504
-0.40091 0.85448
-0.41360 0.84357
-0.42600 0.83232
-0.43810 0.82075
-0.44988 0.80886
-0.46134 0.79665
-0.47246 0.78415
-0.48325 0.77135
-0.49369 0.75826
-0.50378 0.74490
-0.51351 0.73128
-0.52286 0.71740
-0.53185 0.70327
-0.54045 0.68891
-0.54866 0.67433
-0.55648 0.65953
-0.56390 0.64452
-0.57092 0.62932
-0.57752 0.61394
-0.58371 0.59839
-0.58949 0.58268
-0.59484 0.56682
-0.59976 0.55082
-0.60425 0.53469
-0.60831 0.51845
-0.61194 0.50211
-0.61512 0.48567
-0.61787 0.46916
-0.62017 0.45258
-0.62202 0.43594
-0.62343 0.41926
-0.62439 0.40255
-0.62491 0.38582
-0.62497 0.36908
-0.62459 0.35235
-0.62376 0.33563
-0.62248 0.31894
-0.62076 0.30229
-0.61859 0.28569
-0.61597 0.26915
-0.61292 0.25269
-0.60942 0.23632
-0.60549 0.22005
-0.60112 0.20389
-0.59632 0.18785
-0.59110 0.17195
-0.58545 0.15619
-0.57938 0.14059
-0.57289 0.12516
-0.56600 0.10991
-0.55869 0.09485
-0.55099 0.07998
-0.54289 0.06533
-0.53440 0.05091
-0.52553 0.03671
-0.51628 0.02276
-0.50667 0.00906
-0.49668 -0.00438
-0.48635 -0.01755
-0.47566 -0.03043
-0.46463 -0.04302
-0.45327 -0.05532
-0.44158 -0.06730
-0.42958 -0.07897
-0.41727 -0.09031
-0.40465 -0.10132
-0.39175 -0.11198
-0.37857 -0.12230
-0.36512 -0.13226
-0.35140 -0.14186
-0.33743 -0.15108
-0.32322 -0.15993
-0.30878 -0.16840
-0.29412 -0.17647
