x y
-0.00000 -1.00000
0.00234 -0.99998
0.00468 -0.99991
0.00702 -0.99980
0.00936 -0.99965
0.01169 -0.99945
0.01402 -0.99921
0.01634 -0.99893
0.01866 -0.99860
0.02098 -0.99823
0.02328 -0.99781
0.02558 -0.99736
0.02786 -0.99685
0.03014 -0.99631
0.03241 -0.99573
0.03466 -0.99510
0.03691 -0.99443
0.03914 -0.99371
0.04136 -0.99296
0.04356 -0.99217
0.04575 -0.99133
0.04792 -0.99045
0.05007 -0.98953
0.05221 -0.98858
0.05433 -0.98758
0.05642 -0.98654
0.05850 -0.98546
0.06056 -0.98435
0.06260 -0.98319
0.06462 -0.98200
0.06661 -0.98077
0.06858 -0.97951
0.07052 -0.97820
0.07245 -0.97687
0.07434 -0.97549
0.07621 -0.97408
0.07805 -0.97264
0.07987 -0.97116
0.08166 -0.96964
0.08341 -0.96810
0.08514 -0.96652
0.08684 -0.96491
0.08851 -0.96326
0.09015 -0.96159
0.09176 -0.95989
0.09333 -0.95815
0.09487 -0.95639
0.09638 -0.95460
0.09785 -0.95278
0.09929 -0.95093
0.10070 -0.94906
0.10207 -0.94716
0.10340 -0.94524
0.10470 -0.94329
0.10596 -0.94131
0.10718 -0.93932
0.10837 -0.93730
0.10952 -0.93526
0.11063 -0.93320
0.11170 -0.93111
0.11273 -0.92901
0.11372 -0.92689
0.11467 -0.92475
0.11558 -0.92259
0.11646 -0.92042
0.11729 -0.91823
0.11808 -0.91603
0.11882 -0.91381
0.11953 -0.91157
0.12019 -0.90933
0.12082 -0.90707
0.12140 -0.90480
0.12193 -0.90252
0.12243 -0.90023
0.12288 -0.89794
0.12329 -0.89563
0.12365 -0.89332
0.12397 -0.89100
0.12425 -0.88867
0.12448 -0.88634
0.12467 -0.88401
0.12482 -0.88167
0.12492 -0.87933
0.12498 -0.87699
0.12500 -0.87465
0.12497 -0.87231
0.12490 -0.86997
0.12478 -0.86763
0.12462 -0.86529
0.12442 -0.86296
0.12417 -0.86063
0.12388 -0.85831
0.12355 -0.85599
0.12317 -0.85368
0.12275 -0.85138
0.12228 -0.84908
0.12178 -0.84680
0.12123 -0.84452
0.12063 -0.84225
0.12000 -0.84000
nan nan
-0.00000 -1.00000
0.00559 -0.99994
0.01118 -0.99975
0.01676 -0.99944
0.02234 -0.99900
0.02790 -0.99844
0.03345 -0.99775
0.03898 -0.99694
0.04449 -0.99601
0.04999 -0.99495
0.05545 -0.99377
0.06089 -0.99247
0.06630 -0.99105
0.07167 -0.98951
0.07701 -0.98784
0.08231 -0.98606
0.08757 -0.98416
0.09278 -0.98214
0.09795 -0.98001
0.10307 -0.97776
0.10814 -0.97540
0.11315 -0.97293
0.11811 -0.97034
0.12301 -0.96764
0.12785 -0.96484
0.13262 -0.96192
0.13733 -0.95891
0.14196 -0.95578
0.14653 -0.95256
0.15102 -0.94923
0.15544 -0.94580
0.15978 -0.94227
0.16404 -0.93865
0.16822 -0.93494
0.17231 -0.93113
0.17632 -0.92723
0.18024 -0.92324
0.18407 -0.91917
0.18781 -0.91501
0.19145 -0.91077
0.19500 -0.90644
0.19845 -0.90204
0.20180 -0.89757
0.20505 -0.89302
0.20820 -0.88840
0.21124 -0.88371
0.21418 -0.87895
0.21701 -0.87413
0.21973 -0.86924
0.22234 -0.86430
0.22484 -0.85930
0.22723 -0.85424
0.22951 -0.84913
0.23167 -0.84397
0.23371 -0.83877
0.23564 -0.83352
0.23744 -0.82823
0.23914 -0.82290
0.24071 -0.81753
0.24216 -0.81213
0.24348 -0.80670
0.24469 -0.80124
0.24578 -0.79576
0.24674 -0.79025
0.24758 -0.78472
0.24829 -0.77917
0.24888 -0.77361
0.24935 -0.76804
0.24969 -0.76246
0.24991 -0.75687
0.25000 -0.75128
0.24996 -0.74569
0.24980 -0.74010
0.24952 -0.73452
0.24911 -0.72894
0.24858 -0.72338
0.24792 -0.71782
0.24714 -0.71229
0.24623 -0.70677
0.24521 -0.70127
0.24405 -0.69580
0.24278 -0.69036
0.24139 -0.68494
0.23987 -0.67956
0.23824 -0.67421
0.23648 -0.66890
0.23461 -0.66363
0.23262 -0.65841
0.23051 -0.65323
0.22829 -0.64810
0.22595 -0.64302
0.22350 -0.63799
0.22094 -0.63302
0.21827 -0.62811
0.21549 -0.62326
0.21260 -0.61847
0.20961 -0.61375
0.20651 -0.60909
0.20330 -0.60451
0.20000 -0.60000
nan nan
-0.00000 -1.00000
0.01004 -0.99987
0.02008 -0.99946
0.03010 -0.99879
0.04010 -0.99785
0.05007 -0.99664
0.06001 -0.99517
0.06990 -0.99343
0.07974 -0.99142
0.08952 -0.98916
0.09924 -0.98663
0.10889 -0.98384
0.11846 -0.98080
0.12795 -0.97750
0.13734 -0.97394
0.14664 -0.97014
0.15583 -0.96609
0.16491 -0.96179
0.17387 -0.95726
0.18271 -0.95248
0.19141 -0.94747
0.19998 -0.94223
0.20840 -0.93676
0.21668 -0.93107
0.22480 -0.92515
0.23275 -0.91903
0.24054 -0.91269
0.24816 -0.90614
0.25560 -0.89939
0.26286 -0.89245
0.26993 -0.88531
0.27680 -0.87799
0.28348 -0.87049
0.28995 -0.86281
0.29622 -0.85496
0.30227 -0.84694
0.30810 -0.83877
0.31372 -0.83044
0.31911 -0.82196
0.32427 -0.81335
0.32920 -0.80460
0.33389 -0.79572
0.33834 -0.78671
0.34255 -0.77759
0.34651 -0.76837
0.35023 -0.75903
0.35369 -0.74961
0.35690 -0.74009
0.35986 -0.73049
0.36255 -0.72081
0.36499 -0.71107
0.36716 -0.70127
0.36907 -0.69140
0.37072 -0.68150
0.37210 -0.67155
0.37321 -0.66157
0.37406 -0.65156
0.37464 -0.64153
0.37494 -0.63149
0.37498 -0.62145
0.37475 -0.61141
0.37426 -0.60138
0.37349 -0.59136
0.37245 -0.58137
0.37115 -0.57141
0.36958 -0.56149
0.36775 -0.55162
0.36565 -0.54179
0.36329 -0.53203
0.36067 -0.52234
0.35779 -0.51271
0.35466 -0.50317
0.35127 -0.49372
0.34763 -0.48436
0.34374 -0.47510
0.33960 -0.46595
0.33522 -0.45691
0.33059 -0.44799
0.32574 -0.43920
0.32064 -0.43054
0.31532 -0.42203
0.30977 -0.41365
0.30400 -0.40543
0.29801 -0.39737
0.29181 -0.38947
0.28540 -0.38174
0.27878 -0.37419
0.27196 -0.36681
0.26495 -0.35962
0.25775 -0.35262
0.25036 -0.34581
0.24279 -0.33921
0.23505 -0.33281
0.22714 -0.32662
0.21907 -0.32064
0.21084 -0.31489
0.20246 -0.30935
0.19393 -0.30404
0.18527 -0.29896
0.17647 -0.29412
nan nan
1.00000 -0.00000
0.99998 0.00234
0.99991 0.00468
0.99980 0.00702
0.99965 0.00936
0.99945 0.01169
0.99921 0.01402
0.99893 0.01634
0.99860 0.01866
0.99823 0.02098
0.99781 0.02328
0.99736 0.02558
0.99685 0.02786
0.99631 0.03014
0.99573 0.03241
0.99510 0.03466
0.99443 0.03691
0.99371 0.03914
0.99296 0.04136
0.99217 0.04356
0.99133 0.04575
0.99045 0.04792
0.98953 0.05007
0.98858 0.05221
0.98758 0.05433
0.98654 0.05642
0.98546 0.05850
0.98435 0.06056
0.98319 0.06260
0.98200 0.06462
0.98077 0.06661
0.97951 0.06858
0.97820 0.07052
0.97687 0.07245
0.97549 0.07434
0.97408 0.07621
0.97264 0.07805
0.97116 0.07987
0.96964 0.08166
0.96810 0.08341
0.96652 0.08514
0.96491 0.08684
0.96326 0.08851
0.96159 0.09015
0.95989 0.09176
0.95815 0.09333
0.95639 0.09487
0.95460 0.09638
0.95278 0.09785
0.95093 0.09929
0.94906 0.10070
0.94716 0.10207
0.94524 0.10340
0.94329 0.10470
0.94131 0.10596
0.93932 0.10718
0.93730 0.10837
0.93526 0.10952
0.93320 0.11063
0.93111 0.11170
0.92901 0.11273
0.92689 0.11372
0.92475 0.11467
0.92259 0.11558
0.92042 0.11646
0.91823 0.11729
0.91603 0.11808
0.91381 0.11882
0.91157 0.11953
0.90933 0.12019
0.90707 0.12082
0.90480 0.12140
0.90252 0.12193
0.90023 0.12243
0.89794 0.12288
0.89563 0.12329
0.89332 0.12365
0.89100 0.12397
0.88867 0.12425
0.88634 0.12448
0.88401 0.12467
0.88167 0.12482
0.87933 0.12492
0.87699 0.12498
0.87465 0.12500
0.87231 0.12497
0.86997 0.12490
0.86763 0.12478
0.86529 0.12462
0.86296 0.12442
0.86063 0.12417
0.85831 0.12388
0.85599 0.12355
0.85368 0.12317
0.85138 0.12275
0.84908 0.12228
0.84680 0.12178
0.84452 0.12123
0.84225 0.12063
0.84000 0.12000
nan nan
1.00000 -0.00000
0.99994 0.00559
0.99975 0.01118
0.99944 0.01676
0.99900 0.02234
0.99844 0.02790
0.99775 0.03345
0.99694 0.03898
0.99601 0.04449
0.99495 0.04999
0.99377 0.05545
0.99247 0.06089
0.99105 0.06630
0.98951 0.07167
0.98784 0.07701
0.98606 0.08231
0.98416 0.08757
0.98214 0.09278
0.98001 0.09795
0.97776 0.10307
0.97540 0.10814
0.97293 0.11315
0.97034 0.11811
0.96764 0.12301
0.96484 0.12785
0.96192 0.13262
0.95891 0.13733
0.95578 0.14196
0.95256 0.14653
0.94923 0.15102
0.94580 0.15544
0.94227 0.15978
0.93865 0.16404
0.93494 0.16822
0.93113 0.17231
0.92723 0.17632
0.92324 0.18024
0.91917 0.18407
0.91501 0.18781
0.91077 0.19145
0.90644 0.19500
0.90204 0.19845
0.89757 0.20180
0.89302 0.20505
0.88840 0.20820
0.88371 0.21124
0.87895 0.21418
0.87413 0.21701
0.86924 0.21973
0.86430 0.22234
0.85930 0.22484
0.85424 0.22723
0.84913 0.22951
0.84397 0.23167
0.83877 0.23371
0.83352 0.23564
0.82823 0.23744
0.82290 0.23914
0.81753 0.24071
0.81213 0.24216
0.80670 0.24348
0.80124 0.24469
0.79576 0.24578
0.79025 0.24674
0.78472 0.24758
0.77917 0.24829
0.77361 0.24888
0.76804 0.24935
0.76246 0.24969
0.75687 0.24991
0.75128 0.25000
0.74569 0.24996
0.74010 0.24980
0.73452 0.24952
0.72894 0.24911
0.72338 0.24858
0.71782 0.24792
0.71229 0.24714
0.70677 0.24623
0.70127 0.24521
0.69580 0.24405
0.69036 0.24278
0.68494 0.24139
0.67956 0.23987
0.67421 0.23824
0.66890 0.23648
0.66363 0.23461
0.65841 0.23262
0.65323 0.23051
0.64810 0.22829
0.64302 0.22595
0.63799 0.22350
0.63302 0.22094
0.62811 0.21827
0.62326 0.21549
0.61847 0.21260
0.61375 0.20961
0.60909 0.20651
0.60451 0.20330
0.60000 0.20000
nan nan
1.00000 -0.00000
0.99987 0.01004
0.99946 0.02008
0.99879 0.03010
0.99785 0.04010
0.99664 0.05007
0.99517 0.06001
0.99343 0.06990
0.99142 0.07974
0.98916 0.08952
0.98663 0.09924
0.98384 0.10889
0.98080 0.11846
0.97750 0.12795
0.97394 0.13734
0.97014 0.14664
0.96609 0.15583
0.96179 0.16491
0.95726 0.17387
0.95248 0.18271
0.94747 0.19141
0.94223 0.19998
0.93676 0.20840
0.93107 0.21668
0.92515 0.22480
0.91903 0.23275
0.91269 0.24054
0.90614 0.24816
0.89939 0.25560
0.89245 0.26286
0.88531 0.26993
0.87799 0.27680
0.87049 0.28348
0.86281 0.28995
0.85496 0.29622
0.84694 0.30227
0.83877 0.30810
0.83044 0.31372
0.82196 0.31911
0.81335 0.32427
0.80460 0.32920
0.79572 0.33389
0.78671 0.33834
0.77759 0.34255
0.76837 0.34651
0.75903 0.35023
0.74961 0.35369
0.74009 0.35690
0.73049 0.35986
0.72081 0.36255
0.71107 0.36499
0.70127 0.36716
0.69140 0.36907
0.68150 0.37072
0.67155 0.37210
0.66157 0.37321
0.65156 0.37406
0.64153 0.37464
0.63149 0.37494
0.62145 0.37498
0.61141 0.37475
0.60138 0.37426
0.59136 0.37349
0.58137 0.37245
0.57141 0.37115
0.56149 0.36958
0.55162 0.36775
0.54179 0.36565
0.53203 0.36329
0.52234 0.36067
0.51271 0.35779
0.50317 0.35466
0.49372 0.35127
0.48436 0.34763
0.47510 0.34374
0.46595 0.33960
0.45691 0.33522
0.44799 0.33059
0.43920 0.32574
0.43054 0.32064
0.42203 0.31532
0.41365 0.30977
0.40543 0.30400
0.39737 0.29801
0.38947 0.29181
0.38174 0.28540
0.37419 0.27878
0.36681 0.27196
0.35962 0.26495
0.35262 0.25775
0.34581 0.25036
0.33921 0.24279
0.33281 0.23505
0.32662 0.22714
0.32064 0.21907
0.31489 0.21084
0.30935 0.20246
0.30404 0.19393
0.29896 0.18527
0.29412 0.17647
nan nan
0.00000 1.00000
-0.00234 0.99998
-0.00468 0.99991
-0.00702 0.99980
-0.00936 0.99965
-0.01169 0.99945
-0.01402 0.99921
-0.01634 0.99893
-0.01866 0.99860
-0.02098 0.99823
-0.02328 0.99781
-0.02558 0.99736
-0.02786 0.99685
-0.03014 0.99631
-0.03241 0.99573
-0.03466 0.99510
-0.03691 0.99443
-0.03914 0.99371
-0.04136 0.99296
-0.04356 0.99217
-0.04575 0.99133
-0.04792 0.99045
-0.05007 0.98953
-0.05221 0.98858
-0.05433 0.98758
-0.05642 0.98654
-0.05850 0.98546
-0.06056 0.98435
-0.06260 0.98319
-0.06462 0.98200
-0.06661 0.98077
-0.06858 0.97951
-0.07052 0.97820
-0.07245 0.97687
-0.07434 0.97549
-0.07621 0.97408
-0.07805 0.97264
-0.07987 0.97116
-0.08166 0.96964
-0.08341 0.96810
-0.08514 0.96652
-0.08684 0.96491
-0.08851 0.96326
-0.09015 0.96159
-0.09176 0.95989
-0.09333 0.95815
-0.09487 0.95639
-0.09638 0.95460
-0.09785 0.95278
-0.09929 0.95093
-0.10070 0.94906
-0.10207 0.94716
-0.10340 0.94524
-0.10470 0.94329
-0.10596 0.94131
-0.10718 0.93932
-0.10837 0.93730
-0.10952 0.93526
-0.11063 0.93320
-0.11170 0.93111
-0.11273 0.92901
-0.11372 0.92689
-0.11467 0.92475
-0.11558 0.92259
-0.11646 0.92042
-0.11729 0.91823
-0.11808 0.91603
-0.11882 0.91381
-0.11953 0.91157
-0.12019 0.90933
-0.12082 0.90707
-0.12140 0.90480
-0.12193 0.90252
-0.12243 0.90023
-0.12288 0.89794
-0.12329 0.89563
-0.12365 0.89332
-0.12397 0.89100
-0.12425 0.88867
-0.12448 0.88634
-0.12467 0.88401
-0.12482 0.88167
-0.12492 0.87933
-0.12498 0.87699
-0.12500 0.87465
-0.12497 0.87231
-0.12490 0.86997
-0.12478 0.86763
-0.12462 0.86529
-0.12442 0.86296
-0.12417 0.86063
-0.12388 0.85831
-0.12355 0.85599
-0.12317 0.85368
-0.12275 0.85138
-0.12228 0.84908
-0.12178 0.84680
-0.12123 0.84452
-0.12063 0.84225
-0.12000 0.84000
nan nan
0.00000 1.00000
-0.00559 0.99994
-0.01118 0.99975
-0.01676 0.99944
-0.02234 0.99900
-0.02790 0.99844
-0.03345 0.99775
-0.03898 0.99694
-0.04449 0.99601
-0.04999 0.99495
-0.05545 0.99377
-0.06089 0.99247
-0.06630 0.99105
-0.07167 0.98951
-0.07701 0.98784
-0.08231 0.98606
-0.08757 0.98416
-0.09278 0.98214
-0.09795 0.98001
-0.10307 0.97776
-0.10814 0.97540
-0.11315 0.97293
-0.11811 0.97034
-0.12301 0.96764
-0.12785 0.96484
-0.13262 0.96192
-0.13733 0.95891
-0.14196 0.95578
-0.14653 0.95256
-0.15102 0.94923
-0.15544 0.94580
-0.15978 0.94227
-0.16404 0.93865
-0.16822 0.93494
-0.17231 0.93113
-0.17632 0.92723
-0.18024 0.92324
-0.18407 0.91917
-0.18781 0.91501
-0.19145 0.91077
-0.19500 0.90644
-0.19845 0.90204
-0.20180 0.89757
-0.20505 0.89302
-0.20820 0.88840
-0.21124 0.88371
-0.21418 0.87895
-0.21701 0.87413
-0.21973 0.86924
-0.22234 0.86430
-0.22484 0.85930
-0.22723 0.85424
-0.22951 0.84913
-0.23167 0.84397
-0.23371 0.83877
-0.23564 0.83352
-0.23744 0.82823
-0.23914 0.82290
-0.24071 0.81753
-0.24216 0.81213
-0.24348 0.80670
-0.24469 0.80124
-0.24578 0.79576
-0.24674 0.79025
-0.24758 0.78472
-0.24829 0.77917
-0.24888 0.77361
-0.24935 0.76804
-0.24969 0.76246
-0.24991 0.75687
-0.25000 0.75128
-0.24996 0.74569
-0.24980 0.74010
-0.24952 0.73452
-0.24911 0.72894
-0.24858 0.72338
-0.24792 0.71782
-0.24714 0.71229
-0.24623 0.70677
-0.24521 0.70127
-0.24405 0.69580
-0.24278 0.69036
-0.24139 0.68494
-0.23987 0.67956
-0.23824 0.67421
-0.23648 0.66890
-0.23461 0.66363
-0.23262 0.65841
-0.23051 0.65323
-0.22829 0.64810
-0.22595 0.64302
-0.22350 0.63799
-0.22094 0.63302
-0.21827 0.62811
-0.21549 0.62326
-0.21260 0.61847
-0.20961 0.61375
-0.20651 0.60909
-0.20330 0.60451
-0.20000 0.60000
nan nan
0.00000 1.00000
-0.01004 0.99987
-0.02008 0.99946
-0.03010 0.99879
-0.04010 0.99785
-0.05007 0.99664
-0.06001 0.99517
-0.06990 0.99343
-0.07974 0.99142
-0.08952 0.98916
-0.09924 0.98663
-0.10889 0.98384
-0.11846 0.98080
-0.12795 0.97750
-0.13734 0.97394
-0.14664 0.97014
-0.15583 0.96609
-0.16491 0.96179
-0.17387 0.95726
-0.18271 0.95248
-0.19141 0.94747
-0.19998 0.94223
-0.20840 0.93676
-0.21668 0.93107
-0.22480 0.92515
-0.23275 0.91903
-0.24054 0.91269
-0.24816 0.90614
-0.25560 0.89939
-0.26286 0.89245
-0.26993 0.88531
-0.27680 0.87799
-0.28348 0.87049
-0.28995 0.86281
-0.29622 0.85496
-0.30227 0.84694
-0.30810 0.83877
-0.31372 0.83044
-0.31911 0.82196
-0.32427 0.81335
-0.32920 0.80460
-0.33389 0.79572
-0.33834 0.78671
-0.34255 0.77759
-0.34651 0.76837
-0.35023 0.75903
-0.35369 0.74961
-0.35690 0.74009
-0.35986 0.73049
-0.36255 0.72081
-0.36499 0.71107
-0.36716 0.70127
-0.36907 0.69140
-0.37072 0.68150
-0.37210 0.67155
-0.37321 0.66157
-0.37406 0.65156
-0.37464 0.64153
-0.37494 0.63149
-0.37498 0.62145
-0.37475 0.61141
-0.37426 0.60138
-0.37349 0.59136
-0.37245 0.58137
-0.37115 0.57141
-0.36958 0.56149
-0.36775 0.55162
-0.36565 0.54179
-0.36329 0.53203
-0.36067 0.52234
-0.35779 0.51271
-0.35466 0.50317
-0.35127 0.49372
-0.34763 0.48436
-0.34374 0.47510
-0.33960 0.46595
-0.33522 0.45691
-0.33059 0.44799
-0.32574 0.43920
-0.32064 0.43054
-0.31532 0.42203
-0.30977 0.41365
-0.30400 0.40543
-0.29801 0.39737
-0.29181 0.38947
-0.28540 0.38174
-0.27878 0.37419
-0.27196 0.36681
-0.26495 0.35962
-0.25775 0.35262
-0.25036 0.34581
-0.24279 0.33921
-0.23505 0.33281
-0.22714 0.32662
-0.21907 0.32064
-0.21084 0.31489
-0.20246 0.30935
-0.19393 0.30404
-0.18527 0.29896
-0.17647 0.29412
nan nan
-1.00000 0.00000
-0.99998 -0.00234
-0.99991 -0.00468
-0.99980 -0.00702
-0.99965 -0.00936
-0.99945 -0.01169
-0.99921 -0.01402
-0.99893 -0.01634
-0.99860 -0.01866
-0.99823 -0.02098
-0.99781 -0.02328
-0.99736 -0.02558
-0.99685 -0.02786
-0.99631 -0.03014
-0.99573 -0.03241
-0.99510 -0.03466
-0.99443 -0.03691
-0.99371 -0.03914
-0.99296 -0.04136
-0.99217 -0.04356
-0.99133 -0.04575
-0.99045 -0.04792
-0.98953 -0.05007
-0.98858 -0.05221
-0.98758 -0.05433
-0.98654 -0.05642
-0.98546 -0.05850
-0.98435 -0.06056
-0.98319 -0.06260
-0.98200 -0.06462
-0.98077 -0.06661
-0.97951 -0.06858
-0.97820 -0.07052
-0.97687 -0.07245
-0.97549 -0.07434
-0.97408 -0.07621
-0.97264 -0.07805
-0.97116 -0.07987
-0.96964 -0.08166
-0.96810 -0.08341
-0.96652 -0.08514
-0.96491 -0.08684
-0.96326 -0.08851
-0.96159 -0.09015
-0.95989 -0.09176
-0.95815 -0.09333
-0.95639 -0.09487
-0.95460 -0.09638
-0.95278 -0.09785
-0.95093 -0.09929
-0.94906 -0.10070
-0.94716 -0.10207
-0.94524 -0.10340
-0.94329 -0.10470
-0.94131 -0.10596
-0.93932 -0.10718
-0.93730 -0.10837
-0.93526 -0.10952
-0.93320 -0.11063
-0.93111 -0.11170
-0.92901 -0.11273
-0.92689 -0.11372
-0.92475 -0.11467
-0.92259 -0.11558
-0.92042 -0.11646
-0.91823 -0.11729
-0.91603 -0.11808
-0.91381 -0.11882
-0.91157 -0.11953
-0.90933 -0.12019
-0.90707 -0.12082
-0.90480 -0.12140
-0.90252 -0.12193
-0.90023 -0.12243
-0.89794 -0.12288
-0.89563 -0.12329
-0.89332 -0.12365
-0.89100 -0.12397
-0.88867 -0.12425
-0.88634 -0.12448
-0.88401 -0.12467
-0.88167 -0.12482
-0.87933 -0.12492
-0.87699 -0.12498
-0.87465 -0.12500
-0.87231 -0.12497
-0.86997 -0.12490
-0.86763 -0.12478
-0.86529 -0.12462
-0.86296 -0.12442
-0.86063 -0.12417
-0.85831 -0.12388
-0.85599 -0.12355
-0.85368 -0.12317
-0.85138 -0.12275
-0.84908 -0.12228
-0.84680 -0.12178
-0.84452 -0.12123
-0.84225 -0.12063
-0.84000 -0.12000
nan nan
-1.00000 0.00000
-0.99994 -0.00559
-0.99975 -0.01118
-0.99944 -0.01676
-0.99900 -0.02234
-0.99844 -0.02790
-0.99775 -0.03345
-0.99694 -0.03898
-0.99601 -0.04449
-0.99495 -0.04999
-0.99377 -0.05545
-0.99247 -0.06089
-0.99105 -0.06630
-0.98951 -0.07167
-0.98784 -0.07701
-0.98606 -0.08231
-0.98416 -0.08757
-0.98214 -0.09278
-0.98001 -0.09795
-0.97776 -0.10307
-0.97540 -0.10814
-0.97293 -0.11315
-0.97034 -0.11811
-0.96764 -0.12301
-0.96484 -0.12785
-0.96192 -0.13262
-0.95891 -0.13733
-0.95578 -0.14196
-0.95256 -0.14653
-0.94923 -0.15102
-0.94580 -0.15544
-0.94227 -0.15978
-0.93865 -0.16404
-0.93494 -0.16822
-0.93113 -0.17231
-0.92723 -0.17632
-0.92324 -0.18024
-0.91917 -0.18407
-0.91501 -0.18781
-0.91077 -0.19145
-0.90644 -0.19500
-0.90204 -0.19845
-0.89757 -0.20180
-0.89302 -0.20505
-0.88840 -0.20820
-0.88371 -0.21124
-0.87895 -0.21418
-0.87413 -0.21701
-0.86924 -0.21973
-0.86430 -0.22234
-0.85930 -0.22484
-0.85424 -0.22723
-0.84913 -0.22951
-0.84397 -0.23167
-0.83877 -0.23371
-0.83352 -0.23564
-0.82823 -0.23744
-0.82290 -0.23914
-0.81753 -0.24071
-0.81213 -0.24216
-0.80670 -0.24348
-0.80124 -0.24469
-0.79576 -0.24578
-0.79025 -0.24674
-0.78472 -0.24758
-0.77917 -0.24829
-0.77361 -0.24888
-0.76804 -0.24935
-0.76246 -0.24969
-0.75687 -0.24991
-0.75128 -0.25000
-0.74569 -0.24996
-0.74010 -0.24980
-0.73452 -0.24952
-0.72894 -0.24911
-0.72338 -0.24858
-0.71782 -0.24792
-0.71229 -0.24714
-0.70677 -0.24623
-0.70127 -0.24521
-0.69580 -0.24405
-0.69036 -0.24278
-0.68494 -0.24139
-0.67956 -0.23987
-0.67421 -0.23824
-0.66890 -0.23648
-0.66363 -0.23461
-0.65841 -0.23262
-0.65323 -0.23051
-0.64810 -0.22829
-0.64302 -0.22595
-0.63799 -0.22350
-0.63302 -0.22094
-0.62811 -0.21827
-0.62326 -0.21549
-0.61847 -0.21260
-0.61375 -0.20961
-0.60909 -0.20651
-0.60451 -0.20330
-0.60000 -0.20000
nan nan
-1.00000 0.00000
-0.99987 -0.01004
-0.99946 -0.02008
-0.99879 -0.03010
-0.99785 -0.04010
-0.99664 -0.05007
-0.99517 -0.06001
-0.99343 -0.06990
-0.99142 -0.07974
-0.98916 -0.08952
-0.98663 -0.09924
-0.98384 -0.10889
-0.98080 -0.11846
-0.97750 -0.12795
-0.97394 -0.13734
-0.97014 -0.14664
-0.96609 -0.15583
-0.96179 -0.16491
-0.95726 -0.17387
-0.95248 -0.18271
-0.94747 -0.19141
-0.94223 -0.19998
-0.93676 -0.20840
-0.93107 -0.21668
-0.92515 -0.22480
-0.91903 -0.23275
-0.91269 -0.24054
-0.90614 -0.24816
-0.89939 -0.25560
-0.89245 -0.26286
-0.88531 -0.26993
-0.87799 -0.27680
-0.87049 -0.28348
-0.86281 -0.28995
-0.85496 -0.29622
-0.84694 -0.30227
-0.83877 -0.30810
-0.83044 -0.31372
-0.82196 -0.31911
-0.81335 -0.32427
-0.80460 -0.32920
-0.79572 -0.33389
-0.78671 -0.33834
-0.77759 -0.34255
-0.76837 -0.34651
-0.75903 -0.35023
-0.74961 -0.35369
-0.74009 -0.35690
-0.73049 -0.35986
-0.72081 -0.36255
-0.71107 -0.36499
-0.70127 -0.36716
-0.69140 -0.36907
-0.68150 -0.37072
-0.67155 -0.37210
-0.66157 -0.37321
-0.65156 -0.37406
-0.64153 -0.37464
-0.63149 -0.37494
-0.62145 -0.37498
-0.61141 -0.37475
-0.60138 -0.37426
-0.59136 -0.37349
-0.58137 -0.37245
-0.57141 -0.37115
-0.56149 -0.36958
-0.55162 -0.36775
-0.54179 -0.36565
-0.53203 -0.36329
-0.52234 -0.36067
-0.51271 -0.35779
-0.50317 -0.35466
-0.49372 -0.35127
-0.48436 -0.34763
-0.47510 -0.34374
-0.46595 -0.33960
-0.45691 -0.33522
-0.44799 -0.33059
-0.43920 -0.32574
-0.43054 -0.32064
-0.42203 -0.31532
-0.41365 -0.30977
-0.40543 -0.30400
-0.39737 -0.29801
-0.38947 -0.29181
-0.38174 -0.28540
-0.37419 -0.27878
-0.36681 -0.27196
-0.35962 -0.26495
-0.35262 -0.25775
-0.34581 -0.25036
-0.33921 -0.24279
-0.33281 -0.23505
-0.32662 -0.22714
-0.32064 -0.21907
-0.31489 -0.21084
-0.30935 -0.20246
-0.30404 -0.19393
-0.29896 -0.18527
-0.29412 -0.17647
