x y
-1.00000 0.00000
-0.99992 -0.01160
-0.99969 -0.02319
-0.99931 -0.03478
-0.99877 -0.04637
-0.99808 -0.05794
-0.99723 -0.06951
-0.99624 -0.08106
-0.99509 -0.09260
-0.99378 -0.10412
-0.99233 -0.11563
-0.99072 -0.12711
-0.98896 -0.13858
-0.98704 -0.15001
-0.98498 -0.16143
-0.98277 -0.17281
-0.98040 -0.18416
-0.97788 -0.19548
-0.97522 -0.20677
-0.97240 -0.21802
-0.96944 -0.22923
-0.96633 -0.24040
-0.96307 -0.25153
-0.95966 -0.26262
-0.95611 -0.27366
-0.95241 -0.28465
-0.94856 -0.29559
-0.94457 -0.30648
-0.94044 -0.31731
-0.93616 -0.32809
-0.93174 -0.33881
-0.92718 -0.34947
-0.92248 -0.36008
-0.91764 -0.37061
-0.91265 -0.38109
-0.90753 -0.39149
-0.90228 -0.40183
-0.89688 -0.41209
-0.89135 -0.42229
-0.88569 -0.43241
-0.87989 -0.44245
-0.87396 -0.45242
-0.86790 -0.46230
-0.86171 -0.47211
-0.85539 -0.48183
-0.84894 -0.49147
-0.84236 -0.50102
-0.83566 -0.51048
-0.82883 -0.51986
-0.82188 -0.52914
-0.81480 -0.53833
-0.80761 -0.54742
-0.80029 -0.55642
-0.79286 -0.56532
-0.78531 -0.57412
-0.77764 -0.58282
-0.76986 -0.59142
-0.76196 -0.59992
-0.75396 -0.60831
-0.74584 -0.61659
-0.73761 -0.62476
-0.72928 -0.63283
-0.72084 -0.64078
-0.71230 -0.64862
-0.70365 -0.65635
-0.69490 -0.66396
-0.68605 -0.67145
-0.67710 -0.67883
-0.66805 -0.68609
-0.65891 -0.69322
-0.64968 -0.70024
-0.64035 -0.70713
-0.63094 -0.71390
-0.62143 -0.72054
-0.61184 -0.72706
-0.60216 -0.73345
-0.59240 -0.73971
-0.58255 -0.74584
-0.57263 -0.75183
-0.56262 -0.75770
-0.55254 -0.76343
-0.54239 -0.76903
-0.53216 -0.77450
-0.52186 -0.77983
-0.51149 -0.78502
-0.50105 -0.79007
-0.49055 -0.79498
-0.47998 -0.79976
-0.46935 -0.80439
-0.45866 -0.80889
-0.44791 -0.81324
-0.43710 -0.81745
-0.42624 -0.82151
-0.41533 -0.82543
-0.40436 -0.82921
-0.39335 -0.83284
-0.38228 -0.83632
-0.37118 -0.83966
-0.36003 -0.84284
-0.34884 -0.84589
nan nan
-1.00000 0.00000
-0.99989 -0.01299
-0.99955 -0.02597
-0.99899 -0.03894
-0.99820 -0.05190
-0.99719 -0.06485
-0.99596 -0.07778
-0.99450 -0.09068
-0.99282 -0.10356
-0.99091 -0.11640
-0.98879 -0.12921
-0.98644 -0.14198
-0.98387 -0.15471
-0.98108 -0.16740
-0.97807 -0.18003
-0.97485 -0.19261
-0.97140 -0.20513
-0.96774 -0.21759
-0.96387 -0.22998
-0.95978 -0.24231
-0.95548 -0.25456
-0.95097 -0.26674
-0.94624 -0.27883
-0.94131 -0.29084
-0.93617 -0.30277
-0.93083 -0.31460
-0.92528 -0.32635
-0.91953 -0.33799
-0.91357 -0.34953
-0.90742 -0.36097
-0.90107 -0.37229
-0.89453 -0.38351
-0.88779 -0.39461
-0.88087 -0.40560
-0.87375 -0.41646
-0.86645 -0.42719
-0.85896 -0.43780
-0.85129 -0.44828
-0.84343 -0.45862
-0.83540 -0.46883
-0.82720 -0.47890
-0.81882 -0.48882
-0.81027 -0.49859
-0.80156 -0.50822
-0.79267 -0.51769
-0.78363 -0.52701
-0.77443 -0.53617
-0.76506 -0.54517
-0.75555 -0.55401
-0.74588 -0.56267
-0.73606 -0.57118
-0.72610 -0.57951
-0.71600 -0.58766
-0.70575 -0.59564
-0.69537 -0.60344
-0.68486 -0.61106
-0.67421 -0.61850
-0.66344 -0.62575
-0.65254 -0.63282
-0.64153 -0.63969
-0.63039 -0.64638
-0.61914 -0.65286
-0.60779 -0.65916
-0.59632 -0.66525
-0.58475 -0.67115
-0.57308 -0.67685
-0.56131 -0.68234
-0.54945 -0.68763
-0.53750 -0.69271
-0.52546 -0.69758
-0.51335 -0.70225
-0.50115 -0.70670
-0.48887 -0.71094
-0.47653 -0.71497
-0.46412 -0.71879
-0.45164 -0.72239
-0.43910 -0.72577
-0.42651 -0.72893
-0.41386 -0.73188
-0.40117 -0.73461
-0.38842 -0.73712
-0.37564 -0.73940
-0.36282 -0.74147
-0.34997 -0.74331
-0.33708 -0.74493
-0.32417 -0.74632
-0.31124 -0.74750
-0.29829 -0.74844
-0.28532 -0.74917
-0.27235 -0.74967
-0.25936 -0.74994
-0.24638 -0.74999
-0.23339 -0.74982
-0.22041 -0.74942
-0.20744 -0.74879
-0.19448 -0.74794
-0.18154 -0.74687
-0.16862 -0.74557
-0.15573 -0.74405
-0.14286 -0.74231
nan nan
-1.00000 0.00000
-0.99983 -0.01467
-0.99931 -0.02934
-0.99845 -0.04398
-0.99725 -0.05861
-0.99570 -0.07320
-0.99381 -0.08775
-0.99158 -0.10225
-0.98901 -0.11670
-0.98610 -0.13108
-0.98285 -0.14539
-0.97927 -0.15962
-0.97536 -0.17376
-0.97111 -0.18781
-0.96654 -0.20175
-0.96164 -0.21558
-0.95642 -0.22930
-0.95088 -0.24288
-0.94502 -0.25633
-0.93884 -0.26965
-0.93235 -0.28281
-0.92556 -0.29581
-0.91847 -0.30866
-0.91107 -0.32133
-0.90338 -0.33383
-0.89540 -0.34614
-0.88713 -0.35826
-0.87858 -0.37018
-0.86975 -0.38190
-0.86064 -0.39341
-0.85128 -0.40471
-0.84164 -0.41578
-0.83175 -0.42662
-0.82161 -0.43722
-0.81123 -0.44758
-0.80060 -0.45770
-0.78974 -0.46757
-0.77864 -0.47717
-0.76733 -0.48652
-0.75580 -0.49560
-0.74406 -0.50440
-0.73212 -0.51292
-0.71998 -0.52117
-0.70765 -0.52912
-0.69514 -0.53678
-0.68245 -0.54415
-0.66959 -0.55122
-0.65657 -0.55798
-0.64339 -0.56444
-0.63007 -0.57058
-0.61660 -0.57642
-0.60300 -0.58193
-0.58928 -0.58712
-0.57544 -0.59199
-0.56148 -0.59653
-0.54743 -0.60074
-0.53328 -0.60463
-0.51904 -0.60818
-0.50472 -0.61139
-0.49033 -0.61427
-0.47588 -0.61680
-0.46137 -0.61900
-0.44682 -0.62086
-0.43222 -0.62237
-0.41760 -0.62355
-0.40295 -0.62437
-0.38828 -0.62486
-0.37361 -0.62500
-0.35894 -0.62479
-0.34427 -0.62424
-0.32963 -0.62335
-0.31501 -0.62211
-0.30042 -0.62053
-0.28587 -0.61861
-0.27137 -0.61635
-0.25693 -0.61375
-0.24256 -0.61081
-0.22825 -0.60753
-0.21403 -0.60392
-0.19990 -0.59997
-0.18586 -0.59569
-0.17193 -0.59109
-0.15811 -0.58616
-0.14441 -0.58091
-0.13084 -0.57533
-0.11740 -0.56944
-0.10410 -0.56324
-0.09095 -0.55672
-0.07796 -0.54990
-0.06513 -0.54278
-0.05248 -0.53535
-0.04000 -0.52763
-0.02770 -0.51962
-0.01560 -0.51133
-0.00370 -0.50275
0.00800 -0.49390
0.01949 -0.48477
0.03077 -0.47537
0.04181 -0.46572
0.05263 -0.45580
nan nan
-0.50000 -0.86603
-0.48992 -0.87176
-0.47976 -0.87735
-0.46953 -0.88282
-0.45923 -0.88814
-0.44886 -0.89333
-0.43842 -0.89838
-0.42792 -0.90330
-0.41735 -0.90807
-0.40672 -0.91270
-0.39602 -0.91719
-0.38527 -0.92154
-0.37447 -0.92575
-0.36361 -0.92981
-0.35269 -0.93373
-0.34172 -0.93750
-0.33071 -0.94113
-0.31965 -0.94461
-0.30854 -0.94795
-0.29739 -0.95114
-0.28620 -0.95417
-0.27497 -0.95707
-0.26370 -0.95981
-0.25240 -0.96240
-0.24106 -0.96484
-0.22969 -0.96713
-0.21829 -0.96927
-0.20687 -0.97126
-0.19542 -0.97310
-0.18395 -0.97478
-0.17245 -0.97632
-0.16094 -0.97770
-0.14940 -0.97893
-0.13786 -0.98000
-0.12630 -0.98092
-0.11473 -0.98169
-0.10315 -0.98231
-0.09156 -0.98277
-0.07997 -0.98308
-0.06837 -0.98323
-0.05677 -0.98323
-0.04518 -0.98308
-0.03358 -0.98278
-0.02200 -0.98232
-0.01042 -0.98170
0.00116 -0.98093
0.01272 -0.98001
0.02426 -0.97894
0.03579 -0.97771
0.04731 -0.97634
0.05880 -0.97480
0.07028 -0.97312
0.08173 -0.97128
0.09315 -0.96930
0.10455 -0.96716
0.11592 -0.96487
0.12726 -0.96243
0.13856 -0.95984
0.14983 -0.95710
0.16106 -0.95421
0.17225 -0.95117
0.18340 -0.94799
0.19451 -0.94466
0.20557 -0.94118
0.21659 -0.93755
0.22756 -0.93378
0.23847 -0.92986
0.24933 -0.92580
0.26014 -0.92160
0.27089 -0.91725
0.28159 -0.91276
0.29222 -0.90813
0.30279 -0.90336
0.31329 -0.89845
0.32373 -0.89340
0.33410 -0.88821
0.34441 -0.88288
0.35464 -0.87742
0.36479 -0.87183
0.37488 -0.86610
0.38488 -0.86023
0.39481 -0.85424
0.40466 -0.84811
0.41442 -0.84186
0.42410 -0.83547
0.43370 -0.82896
0.44320 -0.82232
0.45262 -0.81555
0.46195 -0.80866
0.47119 -0.80165
0.48033 -0.79452
0.48938 -0.78726
0.49833 -0.77989
0.50718 -0.77240
0.51593 -0.76479
0.52458 -0.75707
0.53313 -0.74923
0.54157 -0.74128
0.54991 -0.73322
0.55814 -0.72504
nan nan
-0.50000 -0.86603
-0.48870 -0.87242
-0.47729 -0.87862
-0.46577 -0.88462
-0.45415 -0.89042
-0.44244 -0.89602
-0.43062 -0.90141
-0.41872 -0.90660
-0.40673 -0.91158
-0.39465 -0.91636
-0.38249 -0.92092
-0.37026 -0.92527
-0.35795 -0.92941
-0.34557 -0.93334
-0.33313 -0.93705
-0.32062 -0.94055
-0.30806 -0.94382
-0.29544 -0.94688
-0.28276 -0.94973
-0.27005 -0.95235
-0.25728 -0.95475
-0.24448 -0.95693
-0.23165 -0.95889
-0.21878 -0.96062
-0.20588 -0.96213
-0.19296 -0.96342
-0.18002 -0.96449
-0.16706 -0.96533
-0.15409 -0.96594
-0.14111 -0.96633
-0.12812 -0.96650
-0.11514 -0.96644
-0.10215 -0.96616
-0.08918 -0.96565
-0.07621 -0.96492
-0.06326 -0.96396
-0.05033 -0.96278
-0.03742 -0.96138
-0.02454 -0.95975
-0.01168 -0.95790
0.00114 -0.95582
0.01392 -0.95353
0.02666 -0.95101
0.03935 -0.94828
0.05200 -0.94532
0.06459 -0.94215
0.07712 -0.93876
0.08960 -0.93515
0.10201 -0.93133
0.11435 -0.92729
0.12662 -0.92304
0.13882 -0.91858
0.15093 -0.91390
0.16297 -0.90902
0.17491 -0.90393
0.18677 -0.89864
0.19853 -0.89314
0.21020 -0.88743
0.22176 -0.88153
0.23323 -0.87542
0.24458 -0.86912
0.25583 -0.86263
0.26695 -0.85594
0.27797 -0.84905
0.28886 -0.84198
0.29963 -0.83472
0.31027 -0.82728
0.32078 -0.81965
0.33115 -0.81184
0.34139 -0.80386
0.35149 -0.79569
0.36145 -0.78736
0.37126 -0.77885
0.38092 -0.77017
0.39043 -0.76133
0.39978 -0.75232
0.40898 -0.74316
0.41802 -0.73383
0.42690 -0.72435
0.43561 -0.71472
0.44415 -0.70494
0.45252 -0.69502
0.46072 -0.68494
0.46874 -0.67473
0.47659 -0.66438
0.48425 -0.65390
0.49173 -0.64329
0.49903 -0.63255
0.50614 -0.62168
0.51306 -0.61069
0.51979 -0.59959
0.52632 -0.58836
0.53266 -0.57703
0.53881 -0.56559
0.54475 -0.55405
0.55050 -0.54240
0.55604 -0.53066
0.56137 -0.51882
0.56650 -0.50689
0.57143 -0.49487
nan nan
-0.50000 -0.86603
-0.48721 -0.87321
-0.47425 -0.88010
-0.46113 -0.88668
-0.44787 -0.89294
-0.43446 -0.89890
-0.42091 -0.90454
-0.40723 -0.90986
-0.39344 -0.91486
-0.37953 -0.91953
-0.36551 -0.92387
-0.35140 -0.92789
-0.33720 -0.93157
-0.32291 -0.93491
-0.30855 -0.93793
-0.29412 -0.94060
-0.27963 -0.94293
-0.26510 -0.94492
-0.25052 -0.94657
-0.23590 -0.94788
-0.22126 -0.94885
-0.20660 -0.94947
-0.19193 -0.94974
-0.17725 -0.94968
-0.16259 -0.94926
-0.14793 -0.94851
-0.13330 -0.94741
-0.11870 -0.94596
-0.10413 -0.94417
-0.08962 -0.94205
-0.07515 -0.93958
-0.06075 -0.93677
-0.04642 -0.93363
-0.03216 -0.93015
-0.01799 -0.92633
-0.00392 -0.92219
0.01006 -0.91771
0.02392 -0.91291
0.03767 -0.90779
0.05130 -0.90234
0.06479 -0.89658
0.07814 -0.89050
0.09135 -0.88410
0.10441 -0.87740
0.11730 -0.87040
0.13003 -0.86309
0.14258 -0.85549
0.15494 -0.84759
0.16712 -0.83941
0.17911 -0.83094
0.19089 -0.82220
0.20246 -0.81318
0.21382 -0.80389
0.22496 -0.79434
0.23587 -0.78452
0.24655 -0.77446
0.25698 -0.76414
0.26718 -0.75359
0.27712 -0.74280
0.28680 -0.73177
0.29623 -0.72053
0.30539 -0.70906
0.31427 -0.69739
0.32288 -0.68550
0.33121 -0.67342
0.33925 -0.66115
0.34700 -0.64869
0.35446 -0.63605
0.36162 -0.62325
0.36847 -0.61027
0.37502 -0.59714
0.38126 -0.58386
0.38719 -0.57044
0.39280 -0.55688
0.39809 -0.54319
0.40305 -0.52938
0.40769 -0.51546
0.41201 -0.50144
0.41599 -0.48732
0.41964 -0.47310
0.42296 -0.45881
0.42593 -0.44444
0.42857 -0.43001
0.43088 -0.41552
0.43284 -0.40097
0.43445 -0.38639
0.43573 -0.37177
0.43666 -0.35713
0.43725 -0.34247
0.43749 -0.32780
0.43739 -0.31312
0.43695 -0.29846
0.43616 -0.28380
0.43502 -0.26917
0.43355 -0.25458
0.43173 -0.24002
0.42957 -0.22550
0.42707 -0.21104
0.42423 -0.19665
0.42105 -0.18232
nan nan
0.50000 -0.86603
0.51000 -0.86016
0.51993 -0.85416
0.52978 -0.84804
0.53954 -0.84178
0.54922 -0.83539
0.55881 -0.82888
0.56832 -0.82224
0.57774 -0.81547
0.58707 -0.80858
0.59630 -0.80156
0.60544 -0.79443
0.61449 -0.78717
0.62344 -0.77980
0.63229 -0.77230
0.64104 -0.76469
0.64969 -0.75697
0.65824 -0.74913
0.66668 -0.74118
0.67501 -0.73312
0.68324 -0.72494
0.69136 -0.71666
0.69937 -0.70827
0.70726 -0.69978
0.71505 -0.69118
0.72271 -0.68248
0.73027 -0.67368
0.73770 -0.66478
0.74502 -0.65579
0.75222 -0.64669
0.75929 -0.63751
0.76624 -0.62822
0.77307 -0.61885
0.77978 -0.60939
0.78636 -0.59984
0.79281 -0.59020
0.79913 -0.58048
0.80533 -0.57068
0.81139 -0.56079
0.81732 -0.55083
0.82312 -0.54078
0.82879 -0.53067
0.83432 -0.52047
0.83971 -0.51021
0.84497 -0.49987
0.85009 -0.48947
0.85508 -0.47900
0.85992 -0.46846
0.86462 -0.45786
0.86919 -0.44720
0.87361 -0.43648
0.87789 -0.42570
0.88202 -0.41486
0.88601 -0.40397
0.88986 -0.39303
0.89356 -0.38204
0.89712 -0.37101
0.90053 -0.35992
0.90379 -0.34879
0.90690 -0.33762
0.90987 -0.32641
0.91268 -0.31516
0.91535 -0.30388
0.91787 -0.29256
0.92024 -0.28120
0.92245 -0.26982
0.92452 -0.25841
0.92643 -0.24697
0.92820 -0.23551
0.92981 -0.22402
0.93127 -0.21252
0.93257 -0.20100
0.93372 -0.18946
0.93472 -0.17790
0.93557 -0.16634
0.93626 -0.15476
0.93680 -0.14318
0.93719 -0.13159
0.93742 -0.11999
0.93750 -0.10840
0.93743 -0.09680
0.93720 -0.08520
0.93681 -0.07361
0.93628 -0.06203
0.93559 -0.05045
0.93475 -0.03889
0.93375 -0.02733
0.93260 -0.01579
0.93130 -0.00427
0.92985 0.00724
0.92824 0.01872
0.92648 0.03018
0.92457 0.04162
0.92251 0.05303
0.92029 0.06442
0.91793 0.07577
0.91542 0.08709
0.91275 0.09838
0.90994 0.10963
0.90698 0.12084
nan nan
0.50000 -0.86603
0.51119 -0.85944
0.52226 -0.85265
0.53322 -0.84568
0.54405 -0.83852
0.55476 -0.83117
0.56533 -0.82364
0.57578 -0.81592
0.58609 -0.80803
0.59626 -0.79995
0.60629 -0.79171
0.61618 -0.78329
0.62592 -0.77470
0.63551 -0.76594
0.64495 -0.75702
0.65423 -0.74794
0.66335 -0.73870
0.67231 -0.72930
0.68110 -0.71974
0.68973 -0.71004
0.69819 -0.70019
0.70648 -0.69019
0.71460 -0.68005
0.72253 -0.66978
0.73029 -0.65936
0.73787 -0.64882
0.74526 -0.63814
0.75247 -0.62734
0.75949 -0.61641
0.76632 -0.60537
0.77295 -0.59421
0.77940 -0.58293
0.78564 -0.57155
0.79169 -0.56005
0.79754 -0.54846
0.80318 -0.53677
0.80863 -0.52498
0.81387 -0.51309
0.81890 -0.50112
0.82372 -0.48907
0.82834 -0.47693
0.83274 -0.46471
0.83693 -0.45242
0.84091 -0.44006
0.84467 -0.42763
0.84822 -0.41514
0.85155 -0.40259
0.85466 -0.38998
0.85756 -0.37732
0.86023 -0.36461
0.86268 -0.35186
0.86492 -0.33907
0.86693 -0.32624
0.86872 -0.31338
0.87028 -0.30049
0.87163 -0.28757
0.87274 -0.27463
0.87364 -0.26168
0.87431 -0.24871
0.87475 -0.23573
0.87497 -0.22275
0.87497 -0.20976
0.87474 -0.19678
0.87429 -0.18380
0.87361 -0.17083
0.87270 -0.15788
0.87158 -0.14494
0.87023 -0.13203
0.86865 -0.11914
0.86686 -0.10628
0.86484 -0.09345
0.86259 -0.08066
0.86013 -0.06791
0.85745 -0.05520
0.85455 -0.04254
0.85142 -0.02994
0.84809 -0.01739
0.84453 -0.00490
0.84076 0.00753
0.83677 0.01988
0.83257 0.03217
0.82816 0.04439
0.82354 0.05652
0.81871 0.06857
0.81367 0.08054
0.80842 0.09242
0.80297 0.10421
0.79732 0.11590
0.79146 0.12749
0.78540 0.13898
0.77915 0.15036
0.77270 0.16163
0.76606 0.17278
0.75922 0.18383
0.75219 0.19475
0.74498 0.20554
0.73758 0.21621
0.73000 0.22676
0.72223 0.23716
0.71429 0.24744
nan nan
0.50000 -0.86603
0.51262 -0.85854
0.52506 -0.85076
0.53732 -0.84269
0.54938 -0.83434
0.56124 -0.82570
0.57290 -0.81679
0.58434 -0.80761
0.59557 -0.79816
0.60657 -0.78845
0.61734 -0.77848
0.62787 -0.76826
0.63816 -0.75780
0.64821 -0.74710
0.65799 -0.73617
0.66752 -0.72501
0.67679 -0.71363
0.68578 -0.70204
0.69450 -0.69024
0.70294 -0.67824
0.71110 -0.66604
0.71896 -0.65365
0.72654 -0.64109
0.73382 -0.62834
0.74079 -0.61544
0.74746 -0.60237
0.75383 -0.58914
0.75988 -0.57578
0.76561 -0.56227
0.77103 -0.54863
0.77612 -0.53487
0.78089 -0.52100
0.78534 -0.50701
0.78945 -0.49293
0.79323 -0.47875
0.79668 -0.46449
0.79979 -0.45015
0.80257 -0.43574
0.80500 -0.42127
0.80710 -0.40675
0.80885 -0.39218
0.81026 -0.37757
0.81133 -0.36294
0.81206 -0.34828
0.81244 -0.33361
0.81247 -0.31894
0.81216 -0.30427
0.81151 -0.28961
0.81051 -0.27497
0.80917 -0.26036
0.80749 -0.24578
0.80547 -0.23125
0.80310 -0.21677
0.80039 -0.20235
0.79735 -0.18799
0.79397 -0.17371
0.79026 -0.15952
0.78622 -0.14541
0.78184 -0.13141
0.77714 -0.11751
0.77211 -0.10372
0.76676 -0.09006
0.76109 -0.07653
0.75510 -0.06313
0.74881 -0.04988
0.74220 -0.03677
0.73528 -0.02383
0.72807 -0.01106
0.72056 0.00155
0.71275 0.01397
0.70465 0.02621
0.69627 0.03825
0.68761 0.05010
0.67867 0.06173
0.66946 0.07316
0.65999 0.08436
0.65025 0.09534
0.64026 0.10609
0.63002 0.11660
0.61954 0.12687
0.60882 0.13689
0.59786 0.14665
0.58668 0.15615
0.57529 0.16539
0.56367 0.17436
0.55185 0.18305
0.53983 0.19147
0.52761 0.19960
0.51521 0.20744
0.50263 0.21498
0.48987 0.22223
0.47694 0.22918
0.46386 0.23582
0.45062 0.24215
0.43724 0.24817
0.42372 0.25388
0.41007 0.25927
0.39630 0.26433
0.38242 0.26907
0.36842 0.27348
nan nan
1.00000 -0.00000
0.99992 0.01160
0.99969 0.02319
0.99931 0.03478
0.99877 0.04637
0.99808 0.05794
0.99723 0.06951
0.99624 0.08106
0.99509 0.09260
0.99378 0.10412
0.99233 0.11563
0.99072 0.12711
0.98896 0.13858
0.98704 0.15001
0.98498 0.16143
0.98277 0.17281
0.98040 0.18416
0.97788 0.19548
0.97522 0.20677
0.97240 0.21802
0.96944 0.22923
0.96633 0.24040
0.96307 0.25153
0.95966 0.26262
0.95611 0.27366
0.95241 0.28465
0.94856 0.29559
0.94457 0.30648
0.94044 0.31731
0.93616 0.32809
0.93174 0.33881
0.92718 0.34947
0.92248 0.36008
0.91764 0.37061
0.91265 0.38109
0.90753 0.39149
0.90228 0.40183
0.89688 0.41209
0.89135 0.42229
0.88569 0.43241
0.87989 0.44245
0.87396 0.45242
0.86790 0.46230
0.86171 0.47211
0.85539 0.48183
0.84894 0.49147
0.84236 0.50102
0.83566 0.51048
0.82883 0.51986
0.82188 0.52914
0.81480 0.53833
0.80761 0.54742
0.80029 0.55642
0.79286 0.56532
0.78531 0.57412
0.77764 0.58282
0.76986 0.59142
0.76196 0.59992
0.75396 0.60831
0.74584 0.61659
0.73761 0.62476
0.72928 0.63283
0.72084 0.64078
0.71230 0.64862
0.70365 0.65635
0.69490 0.66396
0.68605 0.67145
0.67710 0.67883
0.66805 0.68609
0.65891 0.69322
0.64968 0.70024
0.64035 0.70713
0.63094 0.71390
0.62143 0.72054
0.61184 0.72706
0.60216 0.73345
0.59240 0.73971
0.58255 0.74584
0.57263 0.75183
0.56262 0.75770
0.55254 0.76343
0.54239 0.76903
0.53216 0.77450
0.52186 0.77983
0.51149 0.78502
0.50105 0.79007
0.49055 0.79498
0.47998 0.79976
0.46935 0.80439
0.45866 0.80889
0.44791 0.81324
0.43710 0.81745
0.42624 0.82151
0.41533 0.82543
0.40436 0.82921
0.39335 0.83284
0.38228 0.83632
0.37118 0.83966
0.36003 0.84284
0.34884 0.84589
nan nan
1.00000 -0.00000
0.99989 0.01299
0.99955 0.02597
0.99899 0.03894
0.99820 0.05190
0.99719 0.06485
0.99596 0.07778
0.99450 0.09068
0.99282 0.10356
0.99091 0.11640
0.98879 0.12921
0.98644 0.14198
0.98387 0.15471
0.98108 0.16740
0.97807 0.18003
0.97485 0.19261
0.97140 0.20513
0.96774 0.21759
0.96387 0.22998
0.95978 0.24231
0.95548 0.25456
0.95097 0.26674
0.94624 0.27883
0.94131 0.29084
0.93617 0.30277
0.93083 0.31460
0.92528 0.32635
0.91953 0.33799
0.91357 0.34953
0.90742 0.36097
0.90107 0.37229
0.89453 0.38351
0.88779 0.39461
0.88087 0.40560
0.87375 0.41646
0.86645 0.42719
0.85896 0.43780
0.85129 0.44828
0.84343 0.45862
0.83540 0.46883
0.82720 0.47890
0.81882 0.48882
0.81027 0.49859
0.80156 0.50822
0.79267 0.51769
0.78363 0.52701
0.77443 0.53617
0.76506 0.54517
0.75555 0.55401
0.74588 0.56267
0.73606 0.57118
0.72610 0.57951
0.71600 0.58766
0.70575 0.59564
0.69537 0.60344
0.68486 0.61106
0.67421 0.61850
0.66344 0.62575
0.65254 0.63282
0.64153 0.63969
0.63039 0.64638
0.61914 0.65286
0.60779 0.65916
0.59632 0.66525
0.58475 0.67115
0.57308 0.67685
0.56131 0.68234
0.54945 0.68763
0.53750 0.69271
0.52546 0.69758
0.51335 0.70225
0.50115 0.70670
0.48887 0.71094
0.47653 0.71497
0.46412 0.71879
0.45164 0.72239
0.43910 0.72577
0.42651 0.72893
0.41386 0.73188
0.40117 0.73461
0.38842 0.73712
0.37564 0.73940
0.36282 0.74147
0.34997 0.74331
0.33708 0.74493
0.32417 0.74632
0.31124 0.74750
0.29829 0.74844
0.28532 0.74917
0.27235 0.74967
0.25936 0.74994
0.24638 0.74999
0.23339 0.74982
0.22041 0.74942
0.20744 0.74879
0.19448 0.74794
0.18154 0.74687
0.16862 0.74557
0.15573 0.74405
0.14286 0.74231
nan nan
1.00000 -0.00000
0.99983 0.01467
0.99931 0.02934
0.99845 0.04398
0.99725 0.05861
0.99570 0.07320
0.99381 0.08775
0.99158 0.10225
0.98901 0.11670
0.98610 0.13108
0.98285 0.14539
0.97927 0.15962
0.97536 0.17376
0.97111 0.18781
0.96654 0.20175
0.96164 0.21558
0.95642 0.22930
0.95088 0.24288
0.94502 0.25633
0.93884 0.26965
0.93235 0.28281
0.92556 0.29581
0.91847 0.30866
0.91107 0.32133
0.90338 0.33383
0.89540 0.34614
0.88713 0.35826
0.87858 0.37018
0.86975 0.38190
0.86064 0.39341
0.85128 0.40471
0.84164 0.41578
0.83175 0.42662
0.82161 0.43722
0.81123 0.44758
0.80060 0.45770
0.78974 0.46757
0.77864 0.47717
0.76733 0.48652
0.75580 0.49560
0.74406 0.50440
0.73212 0.51292
0.71998 0.52117
0.70765 0.52912
0.69514 0.53678
0.68245 0.54415
0.66959 0.55122
0.65657 0.55798
0.64339 0.56444
0.63007 0.57058
0.61660 0.57642
0.60300 0.58193
0.58928 0.58712
0.57544 0.59199
0.56148 0.59653
0.54743 0.60074
0.53328 0.60463
0.51904 0.60818
0.50472 0.61139
0.49033 0.61427
0.47588 0.61680
0.46137 0.61900
0.44682 0.62086
0.43222 0.62237
0.41760 0.62355
0.40295 0.62437
0.38828 0.62486
0.37361 0.62500
0.35894 0.62479
0.34427 0.62424
0.32963 0.62335
0.31501 0.62211
0.30042 0.62053
0.28587 0.61861
0.27137 0.61635
0.25693 0.61375
0.24256 0.61081
0.22825 0.60753
0.21403 0.60392
0.19990 0.59997
0.18586 0.59569
0.17193 0.59109
0.15811 0.58616
0.14441 0.58091
0.13084 0.57533
0.11740 0.56944
0.10410 0.56324
0.09095 0.55672
0.07796 0.54990
0.06513 0.54278
0.05248 0.53535
0.04000 0.52763
0.02770 0.51962
0.01560 0.51133
0.00370 0.50275
-0.00800 0.49390
-0.01949 0.48477
-0.03077 0.47537
-0.04181 0.46572
-0.05263 0.45580
nan nan
0.50000 0.86603
0.48992 0.87176
0.47976 0.87735
0.46953 0.88282
0.45923 0.88814
0.44886 0.89333
0.43842 0.89838
0.42792 0.90330
0.41735 0.90807
0.40672 0.91270
0.39602 0.91719
0.38527 0.92154
0.37447 0.92575
0.36361 0.92981
0.35269 0.93373
0.34172 0.93750
0.33071 0.94113
0.31965 0.94461
0.30854 0.94795
0.29739 0.95114
0.28620 0.95417
0.27497 0.95707
0.26370 0.95981
0.25240 0.96240
0.24106 0.96484
0.22969 0.96713
0.21829 0.96927
0.20687 0.97126
0.19542 0.97310
0.18395 0.97478
0.17245 0.97632
0.16094 0.97770
0.14940 0.97893
0.13786 0.98000
0.12630 0.98092
0.11473 0.98169
0.10315 0.98231
0.09156 0.98277
0.07997 0.98308
0.06837 0.98323
0.05677 0.98323
0.04518 0.98308
0.03358 0.98278
0.02200 0.98232
0.01042 0.98170
-0.00116 0.98093
-0.01272 0.98001
-0.02426 0.97894
-0.03579 0.97771
-0.04731 0.97634
-0.05880 0.97480
-0.07028 0.97312
-0.08173 0.97128
-0.09315 0.96930
-0.10455 0.96716
-0.11592 0.96487
-0.12726 0.96243
-0.13856 0.95984
-0.14983 0.95710
-0.16106 0.95421
-0.17225 0.95117
-0.18340 0.94799
-0.19451 0.94466
-0.20557 0.94118
-0.21659 0.93755
-0.22756 0.93378
-0.23847 0.92986
-0.24933 0.92580
-0.26014 0.92160
-0.27089 0.91725
-0.28159 0.91276
-0.29222 0.90813
-0.30279 0.90336
-0.31329 0.89845
-0.32373 0.89340
-0.33410 0.88821
-0.34441 0.88288
-0.35464 0.87742
-0.36479 0.87183
-0.37488 0.86610
-0.38488 0.86023
-0.39481 0.85424
-0.40466 0.84811
-0.41442 0.84186
-0.42410 0.83547
-0.43370 0.82896
-0.44320 0.82232
-0.45262 0.81555
-0.46195 0.80866
-0.47119 0.80165
-0.48033 0.79452
-0.48938 0.78726
-0.49833 0.77989
-0.50718 0.77240
-0.51593 0.76479
-0.52458 0.75707
-0.53313 0.74923
-0.54157 0.74128
-0.54991 0.73322
-0.55814 0.72504
nan nan
0.50000 0.86603
0.48870 0.87242
0.47729 0.87862
0.46577 0.88462
0.45415 0.89042
0.44244 0.89602
0.43062 0.90141
0.41872 0.90660
0.40673 0.91158
0.39465 0.91636
0.38249 0.92092
0.37026 0.92527
0.35795 0.92941
0.34557 0.93334
0.33313 0.93705
0.32062 0.94055
0.30806 0.94382
0.29544 0.94688
0.28276 0.94973
0.27005 0.95235
0.25728 0.95475
0.24448 0.95693
0.23165 0.95889
0.21878 0.96062
0.20588 0.96213
0.19296 0.96342
0.18002 0.96449
0.16706 0.96533
0.15409 0.96594
0.14111 0.96633
0.12812 0.96650
0.11514 0.96644
0.10215 0.96616
0.08918 0.96565
0.07621 0.96492
0.06326 0.96396
0.05033 0.96278
0.03742 0.96138
0.02454 0.95975
0.01168 0.95790
-0.00114 0.95582
-0.01392 0.95353
-0.02666 0.95101
-0.03935 0.94828
-0.05200 0.94532
-0.06459 0.94215
-0.07712 0.93876
-0.08960 0.93515
-0.10201 0.93133
-0.11435 0.92729
-0.12662 0.92304
-0.13882 0.91858
-0.15093 0.91390
-0.16297 0.90902
-0.17491 0.90393
-0.18677 0.89864
-0.19853 0.89314
-0.21020 0.88743
-0.22176 0.88153
-0.23323 0.87542
-0.24458 0.86912
-0.25583 0.86263
-0.26695 0.85594
-0.27797 0.84905
-0.28886 0.84198
-0.29963 0.83472
-0.31027 0.82728
-0.32078 0.81965
-0.33115 0.81184
-0.34139 0.80386
-0.35149 0.79569
-0.36145 0.78736
-0.37126 0.77885
-0.38092 0.77017
-0.39043 0.76133
-0.39978 0.75232
-0.40898 0.74316
-0.41802 0.73383
-0.42690 0.72435
-0.43561 0.71472
-0.44415 0.70494
-0.45252 0.69502
-0.46072 0.68494
-0.46874 0.67473
-0.47659 0.66438
-0.48425 0.65390
-0.49173 0.64329
-0.49903 0.63255
-0.50614 0.62168
-0.51306 0.61069
-0.51979 0.59959
-0.52632 0.58836
-0.53266 0.57703
-0.53881 0.56559
-0.54475 0.55405
-0.55050 0.54240
-0.55604 0.53066
-0.56137 0.51882
-0.56650 0.50689
-0.57143 0.49487
nan nan
0.50000 0.86603
0.48721 0.87321
0.47425 0.88010
0.46113 0.88668
0.44787 0.89294
0.43446 0.89890
0.42091 0.90454
0.40723 0.90986
0.39344 0.91486
0.37953 0.91953
0.36551 0.92387
0.35140 0.92789
0.33720 0.93157
0.32291 0.93491
0.30855 0.93793
0.29412 0.94060
0.27963 0.94293
0.26510 0.94492
0.25052 0.94657
0.23590 0.94788
0.22126 0.94885
0.20660 0.94947
0.19193 0.94974
0.17725 0.94968
0.16259 0.94926
0.14793 0.94851
0.13330 0.94741
0.11870 0.94596
0.10413 0.94417
0.08962 0.94205
0.07515 0.93958
0.06075 0.93677
0.04642 0.93363
0.03216 0.93015
0.01799 0.92633
0.00392 0.92219
-0.01006 0.91771
-0.02392 0.91291
-0.03767 0.90779
-0.05130 0.90234
-0.06479 0.89658
-0.07814 0.89050
-0.09135 0.88410
-0.10441 0.87740
-0.11730 0.87040
-0.13003 0.86309
-0.14258 0.85549
-0.15494 0.84759
-0.16712 0.83941
-0.17911 0.83094
-0.19089 0.82220
-0.20246 0.81318
-0.21382 0.80389
-0.22496 0.79434
-0.23587 0.78452
-0.24655 0.77446
-0.25698 0.76414
-0.26718 0.75359
-0.27712 0.74280
-0.28680 0.73177
-0.29623 0.72053
-0.30539 0.70906
-0.31427 0.69739
-0.32288 0.68550
-0.33121 0.67342
-0.33925 0.66115
-0.34700 0.64869
-0.35446 0.63605
-0.36162 0.62325
-0.36847 0.61027
-0.37502 0.59714
-0.38126 0.58386
-0.38719 0.57044
-0.39280 0.55688
-0.39809 0.54319
-0.40305 0.52938
-0.40769 0.51546
-0.41201 0.50144
-0.41599 0.48732
-0.41964 0.47310
-0.42296 0.45881
-0.42593 0.44444
-0.42857 0.43001
-0.43088 0.41552
-0.43284 0.40097
-0.43445 0.38639
-0.43573 0.37177
-0.43666 0.35713
-0.43725 0.34247
-0.43749 0.32780
-0.43739 0.31312
-0.43695 0.29846
-0.43616 0.28380
-0.43502 0.26917
-0.43355 0.25458
-0.43173 0.24002
-0.42957 0.22550
-0.42707 0.21104
-0.42423 0.19665
-0.42105 0.18232
nan nan
-0.50000 0.86603
-0.51000 0.86016
-0.51993 0.85416
-0.52978 0.84804
-0.53954 0.84178
-0.54922 0.83539
-0.55881 0.82888
-0.56832 0.82224
-0.57774 0.81547
-0.58707 0.80858
-0.59630 0.80156
-0.60544 0.79443
-0.61449 0.78717
-0.62344 0.77980
-0.63229 0.77230
-0.64104 0.76469
-0.64969 0.75697
-0.65824 0.74913
-0.66668 0.74118
-0.67501 0.73312
-0.68324 0.72494
-0.69136 0.71666
-0.69937 0.70827
-0.70726 0.69978
-0.71505 0.69118
-0.72271 0.68248
-0.73027 0.67368
-0.73770 0.66478
-0.74502 0.65579
-0.75222 0.64669
-0.75929 0.63751
-0.76624 0.62822
-0.77307 0.61885
-0.77978 0.60939
-0.78636 0.59984
-0.79281 0.59020
-0.79913 0.58048
-0.80533 0.57068
-0.81139 0.56079
-0.81732 0.55083
-0.82312 0.54078
-0.82879 0.53067
-0.83432 0.52047
-0.83971 0.51021
-0.84497 0.49987
-0.85009 0.48947
-0.85508 0.47900
-0.85992 0.46846
-0.86462 0.45786
-0.86919 0.44720
-0.87361 0.43648
-0.87789 0.42570
-0.88202 0.41486
-0.88601 0.40397
-0.88986 0.39303
-0.89356 0.38204
-0.89712 0.37101
-0.90053 0.35992
-0.90379 0.34879
-0.90690 0.33762
-0.90987 0.32641
-0.91268 0.31516
-0.91535 0.30388
-0.91787 0.29256
-0.92024 0.28120
-0.92245 0.26982
-0.92452 0.25841
-0.92643 0.24697
-0.92820 0.23551
-0.92981 0.22402
-0.93127 0.21252
-0.93257 0.20100
-0.93372 0.18946
-0.93472 0.17790
-0.93557 0.16634
-0.93626 0.15476
-0.93680 0.14318
-0.93719 0.13159
-0.93742 0.11999
-0.93750 0.10840
-0.93743 0.09680
-0.93720 0.08520
-0.93681 0.07361
-0.93628 0.06203
-0.93559 0.05045
-0.93475 0.03889
-0.93375 0.02733
-0.93260 0.01579
-0.93130 0.00427
-0.92985 -0.00724
-0.92824 -0.01872
-0.92648 -0.03018
-0.92457 -0.04162
-0.92251 -0.05303
-0.92029 -0.06442
-0.91793 -0.07577
-0.91542 -0.08709
-0.91275 -0.09838
-0.90994 -0.10963
-0.90698 -0.12084
nan nan
-0.50000 0.86603
-0.51119 0.85944
-0.52226 0.85265
-0.53322 0.84568
-0.54405 0.83852
-0.55476 0.83117
-0.56533 0.82364
-0.57578 0.81592
-0.58609 0.80803
-0.59626 0.79995
-0.60629 0.79171
-0.61618 0.78329
-0.62592 0.77470
-0.63551 0.76594
-0.64495 0.75702
-0.65423 0.74794
-0.66335 0.73870
-0.67231 0.72930
-0.68110 0.71974
-0.68973 0.71004
-0.69819 0.70019
-0.70648 0.69019
-0.71460 0.68005
-0.72253 0.66978
-0.73029 0.65936
-0.73787 0.64882
-0.74526 0.63814
-0.75247 0.62734
-0.75949 0.61641
-0.76632 0.60537
-0.77295 0.59421
-0.77940 0.58293
-0.78564 0.57155
-0.79169 0.56005
-0.79754 0.54846
-0.80318 0.53677
-0.80863 0.52498
-0.81387 0.51309
-0.81890 0.50112
-0.82372 0.48907
-0.82834 0.47693
-0.83274 0.46471
-0.83693 0.45242
-0.84091 0.44006
-0.84467 0.42763
-0.84822 0.41514
-0.85155 0.40259
-0.85466 0.38998
-0.85756 0.37732
-0.86023 0.36461
-0.86268 0.35186
-0.86492 0.33907
-0.86693 0.32624
-0.86872 0.31338
-0.87028 0.30049
-0.87163 0.28757
-0.87274 0.27463
-0.87364 0.26168
-0.87431 0.24871
-0.87475 0.23573
-0.87497 0.22275
-0.87497 0.20976
-0.87474 0.19678
-0.87429 0.18380
-0.87361 0.17083
-0.87270 0.15788
-0.87158 0.14494
-0.87023 0.13203
-0.86865 0.11914
-0.86686 0.10628
-0.86484 0.09345
-0.86259 0.08066
-0.86013 0.06791
-0.85745 0.05520
-0.85455 0.04254
-0.85142 0.02994
-0.84809 0.01739
-0.84453 0.00490
-0.84076 -0.00753
-0.83677 -0.01988
-0.83257 -0.03217
-0.82816 -0.04439
-0.82354 -0.05652
-0.81871 -0.06857
-0.81367 -0.08054
-0.80842 -0.09242
-0.80297 -0.10421
-0.79732 -0.11590
-0.79146 -0.12749
-0.78540 -0.13898
-0.77915 -0.15036
-0.77270 -0.16163
-0.76606 -0.17278
-0.75922 -0.18383
-0.75219 -0.19475
-0.74498 -0.20554
-0.73758 -0.21621
-0.73000 -0.22676
-0.72223 -0.23716
-0.71429 -0.24744
nan nan
-0.50000 0.86603
-0.51262 0.85854
-0.52506 0.85076
-0.53732 0.84269
-0.54938 0.83434
-0.56124 0.82570
-0.57290 0.81679
-0.58434 0.80761
-0.59557 0.79816
-0.60657 0.78845
-0.61734 0.77848
-0.62787 0.76826
-0.63816 0.75780
-0.64821 0.74710
-0.65799 0.73617
-0.66752 0.72501
-0.67679 0.71363
-0.68578 0.70204
-0.69450 0.69024
-0.70294 0.67824
-0.71110 0.66604
-0.71896 0.65365
-0.72654 0.64109
-0.73382 0.62834
-0.74079 0.61544
-0.74746 0.60237
-0.75383 0.58914
-0.75988 0.57578
-0.76561 0.56227
-0.77103 0.54863
-0.77612 0.53487
-0.78089 0.52100
-0.78534 0.50701
-0.78945 0.49293
-0.79323 0.47875
-0.79668 0.46449
-0.79979 0.45015
-0.80257 0.43574
-0.80500 0.42127
-0.80710 0.40675
-0.80885 0.39218
-0.81026 0.37757
-0.81133 0.36294
-0.81206 0.34828
-0.81244 0.33361
-0.81247 0.31894
-0.81216 0.30427
-0.81151 0.28961
-0.81051 0.27497
-0.80917 0.26036
-0.80749 0.24578
-0.80547 0.23125
-0.80310 0.21677
-0.80039 0.20235
-0.79735 0.18799
-0.79397 0.17371
-0.79026 0.15952
-0.78622 0.14541
-0.78184 0.13141
-0.77714 0.11751
-0.77211 0.10372
-0.76676 0.09006
-0.76109 0.07653
-0.75510 0.06313
-0.74881 0.04988
-0.74220 0.03677
-0.73528 0.02383
-0.72807 0.01106
-0.72056 -0.00155
-0.71275 -0.01397
-0.70465 -0.02621
-0.69627 -0.03825
-0.68761 -0.05010
-0.67867 -0.06173
-0.66946 -0.07316
-0.65999 -0.08436
-0.65025 -0.09534
-0.64026 -0.10609
-0.63002 -0.11660
-0.61954 -0.12687
-0.60882 -0.13689
-0.59786 -0.14665
-0.58668 -0.15615
-0.57529 -0.16539
-0.56367 -0.17436
-0.55185 -0.18305
-0.53983 -0.19147
-0.52761 -0.19960
-0.51521 -0.20744
-0.50263 -0.21498
-0.48987 -0.22223
-0.47694 -0.22918
-0.46386 -0.23582
-0.45062 -0.24215
-0.43724 -0.24817
-0.42372 -0.25388
-0.41007 -0.25927
-0.39630 -0.26433
-0.38242 -0.26907
-0.36842 -0.27348
