x y
-0.50000 -0.86603
-0.49856 -0.86684
-0.49711 -0.86764
-0.49565 -0.86842
-0.49418 -0.86919
-0.49269 -0.86993
-0.49120 -0.87065
-0.48970 -0.87135
-0.48819 -0.87203
-0.48667 -0.87269
-0.48515 -0.87334
-0.48361 -0.87396
-0.48207 -0.87456
-0.48052 -0.87514
-0.47896 -0.87570
-0.47739 -0.87624
-0.47582 -0.87676
-0.47424 -0.87725
-0.47265 -0.87773
-0.47106 -0.87818
-0.46946 -0.87862
-0.46785 -0.87903
-0.46624 -0.87942
-0.46463 -0.87979
-0.46301 -0.88014
-0.46138 -0.88047
-0.45976 -0.88077
-0.45812 -0.88106
-0.45649 -0.88132
-0.45485 -0.88156
-0.45321 -0.88178
-0.45156 -0.88198
-0.44991 -0.88215
-0.44827 -0.88231
-0.44661 -0.88244
-0.44496 -0.88255
-0.44331 -0.88264
-0.44165 -0.88270
-0.44000 -0.88275
-0.43834 -0.88277
-0.43668 -0.88277
-0.43503 -0.88275
-0.43337 -0.88270
-0.43171 -0.88264
-0.43006 -0.88255
-0.42841 -0.88244
-0.42675 -0.88231
-0.42511 -0.88216
-0.42346 -0.88198
-0.42181 -0.88178
-0.42017 -0.88157
-0.41853 -0.88132
-0.41690 -0.88106
-0.41526 -0.88078
-0.41364 -0.88047
-0.41201 -0.88015
-0.41039 -0.87980
-0.40878 -0.87943
-0.40717 -0.87904
-0.40556 -0.87862
-0.40396 -0.87819
-0.40237 -0.87773
-0.40078 -0.87726
-0.39920 -0.87676
-0.39763 -0.87624
-0.39606 -0.87570
-0.39450 -0.87514
-0.39295 -0.87456
-0.39141 -0.87396
-0.38987 -0.87334
-0.38834 -0.87270
-0.38683 -0.87204
-0.38532 -0.87136
-0.38382 -0.87066
-0.38232 -0.86994
-0.38084 -0.86919
-0.37937 -0.86843
-0.37791 -0.86765
-0.37646 -0.86685
-0.37502 -0.86604
-0.37359 -0.86520
-0.37217 -0.86434
-0.37076 -0.86347
-0.36937 -0.86257
-0.36799 -0.86166
-0.36661 -0.86073
-0.36526 -0.85978
-0.36391 -0.85882
-0.36258 -0.85783
-0.36126 -0.85683
-0.35995 -0.85581
-0.35866 -0.85477
-0.35738 -0.85372
-0.35612 -0.85265
-0.35487 -0.85156
-0.35363 -0.85046
-0.35241 -0.84934
-0.35120 -0.84820
-0.35001 -0.84705
-0.34884 -0.84589
nan nan
-0.50000 -0.86603
-0.49623 -0.86816
-0.49243 -0.87022
-0.48859 -0.87222
-0.48472 -0.87416
-0.48081 -0.87602
-0.47687 -0.87782
-0.47291 -0.87955
-0.46891 -0.88121
-0.46488 -0.88280
-0.46083 -0.88432
-0.45675 -0.88577
-0.45265 -0.88715
-0.44852 -0.88846
-0.44438 -0.88970
-0.44021 -0.89087
-0.43602 -0.89196
-0.43181 -0.89298
-0.42759 -0.89393
-0.42335 -0.89480
-0.41909 -0.89560
-0.41483 -0.89633
-0.41055 -0.89698
-0.40626 -0.89756
-0.40196 -0.89806
-0.39765 -0.89849
-0.39334 -0.89885
-0.38902 -0.89913
-0.38470 -0.89933
-0.38037 -0.89946
-0.37604 -0.89952
-0.37171 -0.89950
-0.36738 -0.89940
-0.36306 -0.89923
-0.35874 -0.89899
-0.35442 -0.89867
-0.35011 -0.89828
-0.34581 -0.89781
-0.34151 -0.89727
-0.33723 -0.89665
-0.33295 -0.89596
-0.32869 -0.89519
-0.32445 -0.89435
-0.32022 -0.89344
-0.31600 -0.89246
-0.31180 -0.89140
-0.30763 -0.89027
-0.30347 -0.88907
-0.29933 -0.88779
-0.29522 -0.88645
-0.29113 -0.88503
-0.28706 -0.88354
-0.28302 -0.88198
-0.27901 -0.88036
-0.27503 -0.87866
-0.27108 -0.87690
-0.26716 -0.87506
-0.26327 -0.87316
-0.25941 -0.87119
-0.25559 -0.86916
-0.25181 -0.86706
-0.24806 -0.86489
-0.24435 -0.86266
-0.24068 -0.86037
-0.23705 -0.85801
-0.23346 -0.85559
-0.22991 -0.85311
-0.22641 -0.85057
-0.22295 -0.84796
-0.21954 -0.84530
-0.21617 -0.84258
-0.21285 -0.83980
-0.20958 -0.83697
-0.20636 -0.83407
-0.20319 -0.83113
-0.20007 -0.82813
-0.19701 -0.82507
-0.19399 -0.82196
-0.19103 -0.81880
-0.18813 -0.81559
-0.18528 -0.81233
-0.18249 -0.80902
-0.17976 -0.80567
-0.17709 -0.80226
-0.17447 -0.79881
-0.17192 -0.79532
-0.16942 -0.79178
-0.16699 -0.78820
-0.16462 -0.78458
-0.16231 -0.78091
-0.16007 -0.77721
-0.15789 -0.77347
-0.15578 -0.76969
-0.15373 -0.76588
-0.15175 -0.76203
-0.14983 -0.75815
-0.14799 -0.75424
-0.14621 -0.75029
-0.14450 -0.74631
-0.14286 -0.74231
nan nan
-0.50000 -0.86603
-0.49232 -0.87034
-0.48455 -0.87447
-0.47668 -0.87842
-0.46872 -0.88218
-0.46067 -0.88575
-0.45255 -0.88913
-0.44434 -0.89233
-0.43606 -0.89532
-0.42772 -0.89813
-0.41931 -0.90073
-0.41084 -0.90314
-0.40232 -0.90535
-0.39375 -0.90736
-0.38513 -0.90917
-0.37647 -0.91077
-0.36778 -0.91217
-0.35906 -0.91336
-0.35031 -0.91435
-0.34154 -0.91514
-0.33276 -0.91572
-0.32396 -0.91609
-0.31516 -0.91626
-0.30635 -0.91622
-0.29755 -0.91597
-0.28876 -0.91551
-0.27998 -0.91485
-0.27122 -0.91399
-0.26248 -0.91291
-0.25377 -0.91164
-0.24509 -0.91016
-0.23645 -0.90847
-0.22785 -0.90659
-0.21930 -0.90450
-0.21080 -0.90221
-0.20235 -0.89972
-0.19397 -0.89704
-0.18565 -0.89416
-0.17740 -0.89108
-0.16922 -0.88782
-0.16113 -0.88436
-0.15311 -0.88071
-0.14519 -0.87687
-0.13736 -0.87285
-0.12962 -0.86865
-0.12198 -0.86427
-0.11445 -0.85970
-0.10703 -0.85497
-0.09973 -0.85006
-0.09254 -0.84498
-0.08547 -0.83973
-0.07852 -0.83432
-0.07171 -0.82874
-0.06502 -0.82301
-0.05848 -0.81712
-0.05207 -0.81109
-0.04581 -0.80490
-0.03969 -0.79856
-0.03373 -0.79209
-0.02792 -0.78547
-0.02226 -0.77873
-0.01677 -0.77185
-0.01144 -0.76484
-0.00627 -0.75771
-0.00127 -0.75046
0.00355 -0.74310
0.00820 -0.73562
0.01268 -0.72804
0.01697 -0.72036
0.02108 -0.71257
0.02501 -0.70469
0.02876 -0.69673
0.03231 -0.68867
0.03568 -0.68054
0.03885 -0.67232
0.04183 -0.66404
0.04462 -0.65569
0.04720 -0.64727
0.04959 -0.63880
0.05178 -0.63027
0.05377 -0.62170
0.05556 -0.61308
0.05714 -0.60441
0.05853 -0.59572
0.05970 -0.58699
0.06067 -0.57824
0.06144 -0.56947
0.06200 -0.56069
0.06235 -0.55189
0.06250 -0.54309
0.06243 -0.53428
0.06217 -0.52548
0.06169 -0.51669
0.06101 -0.50791
0.06013 -0.49916
0.05904 -0.49042
0.05774 -0.48171
0.05624 -0.47304
0.05454 -0.46440
0.05263 -0.45580
nan nan
0.50000 -0.86603
0.50143 -0.86519
0.50285 -0.86433
0.50425 -0.86346
0.50565 -0.86256
0.50703 -0.86165
0.50840 -0.86072
0.50976 -0.85977
0.51111 -0.85880
0.51244 -0.85782
0.51376 -0.85682
0.51506 -0.85580
0.51636 -0.85476
0.51763 -0.85371
0.51890 -0.85264
0.52015 -0.85155
0.52138 -0.85045
0.52261 -0.84933
0.52381 -0.84819
0.52500 -0.84704
0.52618 -0.84587
0.52734 -0.84469
0.52848 -0.84349
0.52961 -0.84228
0.53072 -0.84105
0.53182 -0.83981
0.53290 -0.83855
0.53396 -0.83728
0.53500 -0.83599
0.53603 -0.83469
0.53704 -0.83338
0.53803 -0.83205
0.53901 -0.83071
0.53997 -0.82936
0.54091 -0.82800
0.54183 -0.82662
0.54273 -0.82523
0.54362 -0.82383
0.54448 -0.82242
0.54533 -0.82100
0.54616 -0.81956
0.54697 -0.81812
0.54776 -0.81666
0.54853 -0.81519
0.54928 -0.81372
0.55001 -0.81223
0.55073 -0.81074
0.55142 -0.80923
0.55209 -0.80772
0.55274 -0.80619
0.55337 -0.80466
0.55398 -0.80312
0.55457 -0.80157
0.55514 -0.80002
0.55569 -0.79846
0.55622 -0.79689
0.55673 -0.79531
0.55722 -0.79372
0.55768 -0.79214
0.55813 -0.79054
0.55855 -0.78894
0.55895 -0.78733
0.55934 -0.78572
0.55970 -0.78410
0.56003 -0.78248
0.56035 -0.78085
0.56065 -0.77922
0.56092 -0.77759
0.56117 -0.77595
0.56140 -0.77431
0.56161 -0.77267
0.56180 -0.77102
0.56196 -0.76937
0.56210 -0.76772
0.56222 -0.76607
0.56232 -0.76442
0.56240 -0.76276
0.56246 -0.76111
0.56249 -0.75945
0.56250 -0.75779
0.56249 -0.75614
0.56246 -0.75448
0.56240 -0.75282
0.56233 -0.75117
0.56223 -0.74952
0.56211 -0.74786
0.56196 -0.74621
0.56180 -0.74456
0.56161 -0.74292
0.56141 -0.74127
0.56118 -0.73963
0.56093 -0.73800
0.56065 -0.73636
0.56036 -0.73473
0.56004 -0.73311
0.55970 -0.73148
0.55935 -0.72987
0.55896 -0.72825
0.55856 -0.72665
0.55814 -0.72504
nan nan
0.50000 -0.86603
0.50373 -0.86383
0.50742 -0.86157
0.51107 -0.85924
0.51468 -0.85686
0.51825 -0.85441
0.52178 -0.85190
0.52526 -0.84932
0.52870 -0.84669
0.53209 -0.84400
0.53543 -0.84125
0.53873 -0.83845
0.54197 -0.83558
0.54517 -0.83266
0.54832 -0.82969
0.55141 -0.82666
0.55445 -0.82358
0.55744 -0.82045
0.56037 -0.81727
0.56324 -0.81403
0.56606 -0.81075
0.56883 -0.80741
0.57153 -0.80403
0.57418 -0.80061
0.57676 -0.79714
0.57929 -0.79362
0.58175 -0.79006
0.58416 -0.78646
0.58650 -0.78282
0.58877 -0.77914
0.59098 -0.77542
0.59313 -0.77166
0.59521 -0.76787
0.59723 -0.76404
0.59918 -0.76017
0.60106 -0.75627
0.60288 -0.75234
0.60462 -0.74838
0.60630 -0.74439
0.60791 -0.74037
0.60945 -0.73633
0.61091 -0.73225
0.61231 -0.72816
0.61364 -0.72404
0.61489 -0.71989
0.61607 -0.71573
0.61718 -0.71155
0.61822 -0.70734
0.61919 -0.70312
0.62008 -0.69889
0.62089 -0.69464
0.62164 -0.69037
0.62231 -0.68610
0.62291 -0.68181
0.62343 -0.67751
0.62388 -0.67321
0.62425 -0.66889
0.62455 -0.66458
0.62477 -0.66025
0.62492 -0.65593
0.62499 -0.65160
0.62499 -0.64727
0.62491 -0.64294
0.62476 -0.63862
0.62454 -0.63429
0.62423 -0.62998
0.62386 -0.62566
0.62341 -0.62136
0.62288 -0.61706
0.62229 -0.61278
0.62161 -0.60850
0.62086 -0.60424
0.62004 -0.59999
0.61915 -0.59575
0.61818 -0.59153
0.61714 -0.58733
0.61603 -0.58315
0.61484 -0.57898
0.61359 -0.57484
0.61226 -0.57072
0.61086 -0.56663
0.60939 -0.56255
0.60785 -0.55851
0.60624 -0.55449
0.60456 -0.55050
0.60281 -0.54654
0.60099 -0.54261
0.59911 -0.53872
0.59715 -0.53485
0.59513 -0.53103
0.59305 -0.52723
0.59090 -0.52347
0.58869 -0.51976
0.58641 -0.51608
0.58406 -0.51243
0.58166 -0.50884
0.57919 -0.50528
0.57667 -0.50177
0.57408 -0.49830
0.57143 -0.49487
nan nan
0.50000 -0.86603
0.50757 -0.86153
0.51504 -0.85687
0.52239 -0.85202
0.52963 -0.84701
0.53675 -0.84183
0.54374 -0.83648
0.55061 -0.83097
0.55734 -0.82530
0.56394 -0.81948
0.57040 -0.81350
0.57672 -0.80737
0.58290 -0.80109
0.58892 -0.79467
0.59480 -0.78811
0.60051 -0.78142
0.60607 -0.77459
0.61147 -0.76763
0.61670 -0.76055
0.62176 -0.75335
0.62666 -0.74603
0.63138 -0.73860
0.63592 -0.73106
0.64029 -0.72342
0.64448 -0.71567
0.64848 -0.70783
0.65230 -0.69990
0.65593 -0.69188
0.65937 -0.68377
0.66262 -0.67559
0.66567 -0.66733
0.66854 -0.65901
0.67120 -0.65062
0.67367 -0.64217
0.67594 -0.63366
0.67801 -0.62510
0.67988 -0.61650
0.68154 -0.60785
0.68300 -0.59917
0.68426 -0.59046
0.68531 -0.58172
0.68616 -0.57295
0.68680 -0.56417
0.68723 -0.55538
0.68746 -0.54658
0.68748 -0.53777
0.68730 -0.52897
0.68691 -0.52018
0.68631 -0.51139
0.68550 -0.50263
0.68449 -0.49388
0.68328 -0.48516
0.68186 -0.47647
0.68024 -0.46782
0.67841 -0.45921
0.67638 -0.45064
0.67416 -0.44212
0.67173 -0.43366
0.66910 -0.42525
0.66628 -0.41692
0.66327 -0.40864
0.66006 -0.40045
0.65665 -0.39233
0.65306 -0.38429
0.64928 -0.37634
0.64532 -0.36847
0.64117 -0.36071
0.63684 -0.35304
0.63233 -0.34548
0.62765 -0.33803
0.62279 -0.33068
0.61776 -0.32346
0.61256 -0.31635
0.60720 -0.30937
0.60168 -0.30252
0.59599 -0.29579
0.59015 -0.28920
0.58416 -0.28276
0.57801 -0.27645
0.57172 -0.27029
0.56529 -0.26428
0.55872 -0.25842
0.55201 -0.25272
0.54517 -0.24718
0.53820 -0.24179
0.53111 -0.23658
0.52390 -0.23153
0.51657 -0.22665
0.50913 -0.22195
0.50158 -0.21742
0.49392 -0.21307
0.48617 -0.20890
0.47832 -0.20492
0.47037 -0.20112
0.46235 -0.19751
0.45423 -0.19408
0.44604 -0.19085
0.43778 -0.18781
0.42945 -0.18497
0.42105 -0.18232
nan nan
1.00000 -0.00000
0.99999 0.00166
0.99996 0.00331
0.99990 0.00497
0.99982 0.00662
0.99973 0.00828
0.99960 0.00993
0.99946 0.01158
0.99930 0.01323
0.99911 0.01487
0.99890 0.01652
0.99867 0.01816
0.99842 0.01980
0.99815 0.02143
0.99785 0.02306
0.99754 0.02469
0.99720 0.02631
0.99684 0.02793
0.99646 0.02954
0.99606 0.03115
0.99563 0.03275
0.99519 0.03434
0.99472 0.03593
0.99424 0.03752
0.99373 0.03909
0.99320 0.04066
0.99265 0.04223
0.99208 0.04378
0.99149 0.04533
0.99088 0.04687
0.99025 0.04840
0.98960 0.04992
0.98893 0.05144
0.98823 0.05294
0.98752 0.05444
0.98679 0.05593
0.98604 0.05740
0.98527 0.05887
0.98448 0.06033
0.98367 0.06177
0.98284 0.06321
0.98199 0.06463
0.98113 0.06604
0.98024 0.06744
0.97934 0.06883
0.97842 0.07021
0.97748 0.07157
0.97652 0.07293
0.97555 0.07427
0.97455 0.07559
0.97354 0.07690
0.97252 0.07820
0.97147 0.07949
0.97041 0.08076
0.96933 0.08202
0.96823 0.08326
0.96712 0.08449
0.96599 0.08570
0.96485 0.08690
0.96369 0.08808
0.96252 0.08925
0.96133 0.09040
0.96012 0.09154
0.95890 0.09266
0.95766 0.09376
0.95641 0.09485
0.95515 0.09592
0.95387 0.09698
0.95258 0.09801
0.95127 0.09903
0.94995 0.10003
0.94862 0.10102
0.94728 0.10199
0.94592 0.10293
0.94455 0.10387
0.94317 0.10478
0.94177 0.10567
0.94036 0.10655
0.93895 0.10740
0.93752 0.10824
0.93608 0.10906
0.93463 0.10986
0.93317 0.11064
0.93169 0.11140
0.93021 0.11215
0.92872 0.11287
0.92722 0.11357
0.92571 0.11425
0.92419 0.11491
0.92267 0.11556
0.92113 0.11618
0.91959 0.11678
0.91803 0.11736
0.91648 0.11792
0.91491 0.11846
0.91334 0.11898
0.91175 0.11947
0.91017 0.11995
0.90858 0.12041
0.90698 0.12084
nan nan
1.00000 -0.00000
0.99996 0.00433
0.99985 0.00866
0.99966 0.01298
0.99940 0.01730
0.99906 0.02162
0.99865 0.02593
0.99817 0.03023
0.99761 0.03452
0.99697 0.03880
0.99626 0.04307
0.99548 0.04733
0.99462 0.05157
0.99369 0.05580
0.99269 0.06001
0.99162 0.06420
0.99047 0.06838
0.98925 0.07253
0.98796 0.07666
0.98659 0.08077
0.98516 0.08485
0.98366 0.08891
0.98208 0.09294
0.98044 0.09695
0.97872 0.10092
0.97694 0.10487
0.97509 0.10878
0.97318 0.11266
0.97119 0.11651
0.96914 0.12032
0.96702 0.12410
0.96484 0.12784
0.96260 0.13154
0.96029 0.13520
0.95792 0.13882
0.95548 0.14240
0.95299 0.14593
0.95043 0.14943
0.94781 0.15287
0.94513 0.15628
0.94240 0.15963
0.93961 0.16294
0.93676 0.16620
0.93385 0.16941
0.93089 0.17256
0.92788 0.17567
0.92481 0.17872
0.92169 0.18172
0.91852 0.18467
0.91529 0.18756
0.91202 0.19039
0.90870 0.19317
0.90533 0.19589
0.90192 0.19855
0.89846 0.20115
0.89495 0.20369
0.89140 0.20617
0.88781 0.20858
0.88418 0.21094
0.88051 0.21323
0.87680 0.21546
0.87305 0.21762
0.86926 0.21972
0.86544 0.22175
0.86158 0.22372
0.85769 0.22562
0.85377 0.22745
0.84982 0.22921
0.84583 0.23090
0.84182 0.23253
0.83778 0.23408
0.83372 0.23557
0.82962 0.23698
0.82551 0.23832
0.82137 0.23960
0.81721 0.24080
0.81303 0.24192
0.80884 0.24298
0.80462 0.24396
0.80039 0.24487
0.79614 0.24571
0.79188 0.24647
0.78761 0.24716
0.78332 0.24777
0.77903 0.24831
0.77472 0.24877
0.77041 0.24917
0.76610 0.24948
0.76177 0.24972
0.75745 0.24989
0.75312 0.24998
0.74879 0.25000
0.74446 0.24994
0.74014 0.24981
0.73581 0.24960
0.73149 0.24931
0.72718 0.24896
0.72287 0.24852
0.71858 0.24802
0.71429 0.24744
nan nan
1.00000 -0.00000
0.99990 0.00880
0.99959 0.01760
0.99907 0.02639
0.99835 0.03517
0.99742 0.04392
0.99629 0.05265
0.99495 0.06135
0.99340 0.07002
0.99166 0.07865
0.98971 0.08724
0.98756 0.09577
0.98522 0.10426
0.98267 0.11269
0.97992 0.12105
0.97699 0.12935
0.97385 0.13758
0.97053 0.14573
0.96701 0.15380
0.96330 0.16179
0.95941 0.16968
0.95534 0.17749
0.95108 0.18519
0.94664 0.19280
0.94203 0.20030
0.93724 0.20768
0.93228 0.21496
0.92715 0.22211
0.92185 0.22914
0.91639 0.23605
0.91077 0.24282
0.90499 0.24947
0.89905 0.25597
0.89297 0.26233
0.88674 0.26855
0.88036 0.27462
0.87384 0.28054
0.86719 0.28630
0.86040 0.29191
0.85348 0.29736
0.84644 0.30264
0.83927 0.30775
0.83199 0.31270
0.82459 0.31747
0.81708 0.32207
0.80947 0.32649
0.80175 0.33073
0.79394 0.33479
0.78603 0.33866
0.77804 0.34235
0.76996 0.34585
0.76180 0.34916
0.75357 0.35227
0.74526 0.35519
0.73689 0.35792
0.72846 0.36045
0.71997 0.36278
0.71142 0.36491
0.70283 0.36683
0.69420 0.36856
0.68553 0.37008
0.67682 0.37140
0.66809 0.37252
0.65933 0.37342
0.65056 0.37413
0.64177 0.37462
0.63297 0.37492
0.62417 0.37500
0.61536 0.37488
0.60656 0.37455
0.59778 0.37401
0.58900 0.37327
0.58025 0.37232
0.57152 0.37117
0.56282 0.36981
0.55416 0.36825
0.54553 0.36648
0.53695 0.36452
0.52842 0.36235
0.51994 0.35998
0.51152 0.35742
0.50316 0.35465
0.49487 0.35170
0.48665 0.34854
0.47850 0.34520
0.47044 0.34167
0.46246 0.33794
0.45457 0.33403
0.44678 0.32994
0.43908 0.32567
0.43149 0.32121
0.42400 0.31658
0.41662 0.31177
0.40936 0.30680
0.40222 0.30165
0.39520 0.29634
0.38830 0.29086
0.38154 0.28522
0.37491 0.27943
0.36842 0.27348
nan nan
0.50000 0.86603
0.49856 0.86684
0.49711 0.86764
0.49565 0.86842
0.49418 0.86919
0.49269 0.86993
0.49120 0.87065
0.48970 0.87135
0.48819 0.87203
0.48667 0.87269
0.48515 0.87334
0.48361 0.87396
0.48207 0.87456
0.48052 0.87514
0.47896 0.87570
0.47739 0.87624
0.47582 0.87676
0.47424 0.87725
0.47265 0.87773
0.47106 0.87818
0.46946 0.87862
0.46785 0.87903
0.46624 0.87942
0.46463 0.87979
0.46301 0.88014
0.46138 0.88047
0.45976 0.88077
0.45812 0.88106
0.45649 0.88132
0.45485 0.88156
0.45321 0.88178
0.45156 0.88198
0.44991 0.88215
0.44827 0.88231
0.44661 0.88244
0.44496 0.88255
0.44331 0.88264
0.44165 0.88270
0.44000 0.88275
0.43834 0.88277
0.43668 0.88277
0.43503 0.88275
0.43337 0.88270
0.43171 0.88264
0.43006 0.88255
0.42841 0.88244
0.42675 0.88231
0.42511 0.88216
0.42346 0.88198
0.42181 0.88178
0.42017 0.88157
0.41853 0.88132
0.41690 0.88106
0.41526 0.88078
0.41364 0.88047
0.41201 0.88015
0.41039 0.87980
0.40878 0.87943
0.40717 0.87904
0.40556 0.87862
0.40396 0.87819
0.40237 0.87773
0.40078 0.87726
0.39920 0.87676
0.39763 0.87624
0.39606 0.87570
0.39450 0.87514
0.39295 0.87456
0.39141 0.87396
0.38987 0.87334
0.38834 0.87270
0.38683 0.87204
0.38532 0.87136
0.38382 0.87066
0.38232 0.86994
0.38084 0.86919
0.37937 0.86843
0.37791 0.86765
0.37646 0.86685
0.37502 0.86604
0.37359 0.86520
0.37217 0.86434
0.37076 0.86347
0.36937 0.86257
0.36799 0.86166
0.36661 0.86073
0.36526 0.85978
0.36391 0.85882
0.36258 0.85783
0.36126 0.85683
0.35995 0.85581
0.35866 0.85477
0.35738 0.85372
0.35612 0.85265
0.35487 0.85156
0.35363 0.85046
0.35241 0.84934
0.35120 0.84820
0.35001 0.84705
0.34884 0.84589
nan nan
0.50000 0.86603
0.49623 0.86816
0.49243 0.87022
0.48859 0.87222
0.48472 0.87416
0.48081 0.87602
0.47687 0.87782
0.47291 0.87955
0.46891 0.88121
0.46488 0.88280
0.46083 0.88432
0.45675 0.88577
0.45265 0.88715
0.44852 0.88846
0.44438 0.88970
0.44021 0.89087
0.43602 0.89196
0.43181 0.89298
0.42759 0.89393
0.42335 0.89480
0.41909 0.89560
0.41483 0.89633
0.41055 0.89698
0.40626 0.89756
0.40196 0.89806
0.39765 0.89849
0.39334 0.89885
0.38902 0.89913
0.38470 0.89933
0.38037 0.89946
0.37604 0.89952
0.37171 0.89950
0.36738 0.89940
0.36306 0.89923
0.35874 0.89899
0.35442 0.89867
0.35011 0.89828
0.34581 0.89781
0.34151 0.89727
0.33723 0.89665
0.33295 0.89596
0.32869 0.89519
0.32445 0.89435
0.32022 0.89344
0.31600 0.89246
0.31180 0.89140
0.30763 0.89027
0.30347 0.88907
0.29933 0.88779
0.29522 0.88645
0.29113 0.88503
0.28706 0.88354
0.28302 0.88198
0.27901 0.88036
0.27503 0.87866
0.27108 0.87690
0.26716 0.87506
0.26327 0.87316
0.25941 0.87119
0.25559 0.86916
0.25181 0.86706
0.24806 0.86489
0.24435 0.86266
0.24068 0.86037
0.23705 0.85801
0.23346 0.85559
0.22991 0.85311
0.22641 0.85057
0.22295 0.84796
0.21954 0.84530
0.21617 0.84258
0.21285 0.83980
0.20958 0.83697
0.20636 0.83407
0.20319 0.83113
0.20007 0.82813
0.19701 0.82507
0.19399 0.82196
0.19103 0.81880
0.18813 0.81559
0.18528 0.81233
0.18249 0.80902
0.17976 0.80567
0.17709 0.80226
0.17447 0.79881
0.17192 0.79532
0.16942 0.79178
0.16699 0.78820
0.16462 0.78458
0.16231 0.78091
0.16007 0.77721
0.15789 0.77347
0.15578 0.76969
0.15373 0.76588
0.15175 0.76203
0.14983 0.75815
0.14799 0.75424
0.14621 0.75029
0.14450 0.74631
0.14286 0.74231
nan nan
0.50000 0.86603
0.49232 0.87034
0.48455 0.87447
0.47668 0.87842
0.46872 0.88218
0.46067 0.88575
0.45255 0.88913
0.44434 0.89233
0.43606 0.89532
0.42772 0.89813
0.41931 0.90073
0.41084 0.90314
0.40232 0.90535
0.39375 0.90736
0.38513 0.90917
0.37647 0.91077
0.36778 0.91217
0.35906 0.91336
0.35031 0.91435
0.34154 0.91514
0.33276 0.91572
0.32396 0.91609
0.31516 0.91626
0.30635 0.91622
0.29755 0.91597
0.28876 0.91551
0.27998 0.91485
0.27122 0.91399
0.26248 0.91291
0.25377 0.91164
0.24509 0.91016
0.23645 0.90847
0.22785 0.90659
0.21930 0.90450
0.21080 0.90221
0.20235 0.89972
0.19397 0.89704
0.18565 0.89416
0.17740 0.89108
0.16922 0.88782
0.16113 0.88436
0.15311 0.88071
0.14519 0.87687
0.13736 0.87285
0.12962 0.86865
0.12198 0.86427
0.11445 0.85970
0.10703 0.85497
0.09973 0.85006
0.09254 0.84498
0.08547 0.83973
0.07852 0.83432
0.07171 0.82874
0.06502 0.82301
0.05848 0.81712
0.05207 0.81109
0.04581 0.80490
0.03969 0.79856
0.03373 0.79209
0.02792 0.78547
0.02226 0.77873
0.01677 0.77185
0.01144 0.76484
0.00627 0.75771
0.00127 0.75046
-0.00355 0.74310
-0.00820 0.73562
-0.01268 0.72804
-0.01697 0.72036
-0.02108 0.71257
-0.02501 0.70469
-0.02876 0.69673
-0.03231 0.68867
-0.03568 0.68054
-0.03885 0.67232
-0.04183 0.66404
-0.04462 0.65569
-0.04720 0.64727
-0.04959 0.63880
-0.05178 0.63027
-0.05377 0.62170
-0.05556 0.61308
-0.05714 0.60441
-0.05853 0.59572
-0.05970 0.58699
-0.06067 0.57824
-0.06144 0.56947
-0.06200 0.56069
-0.06235 0.55189
-0.06250 0.54309
-0.06243 0.53428
-0.06217 0.52548
-0.06169 0.51669
-0.06101 0.50791
-0.06013 0.49916
-0.05904 0.49042
-0.05774 0.48171
-0.05624 0.47304
-0.05454 0.46440
-0.05263 0.45580
nan nan
-0.50000 0.86603
-0.50143 0.86519
-0.50285 0.86433
-0.50425 0.86346
-0.50565 0.86256
-0.50703 0.86165
-0.50840 0.86072
-0.50976 0.85977
-0.51111 0.85880
-0.51244 0.85782
-0.51376 0.85682
-0.51506 0.85580
-0.51636 0.85476
-0.51763 0.85371
-0.51890 0.85264
-0.52015 0.85155
-0.52138 0.85045
-0.52261 0.84933
-0.52381 0.84819
-0.52500 0.84704
-0.52618 0.84587
-0.52734 0.84469
-0.52848 0.84349
-0.52961 0.84228
-0.53072 0.84105
-0.53182 0.83981
-0.53290 0.83855
-0.53396 0.83728
-0.53500 0.83599
-0.53603 0.83469
-0.53704 0.83338
-0.53803 0.83205
-0.53901 0.83071
-0.53997 0.82936
-0.54091 0.82800
-0.54183 0.82662
-0.54273 0.82523
-0.54362 0.82383
-0.54448 0.82242
-0.54533 0.82100
-0.54616 0.81956
-0.54697 0.81812
-0.54776 0.81666
-0.54853 0.81519
-0.54928 0.81372
-0.55001 0.81223
-0.55073 0.81074
-0.55142 0.80923
-0.55209 0.80772
-0.55274 0.80619
-0.55337 0.80466
-0.55398 0.80312
-0.55457 0.80157
-0.55514 0.80002
-0.55569 0.79846
-0.55622 0.79689
-0.55673 0.79531
-0.55722 0.79372
-0.55768 0.79214
-0.55813 0.79054
-0.55855 0.78894
-0.55895 0.78733
-0.55934 0.78572
-0.55970 0.78410
-0.56003 0.78248
-0.56035 0.78085
-0.56065 0.77922
-0.56092 0.77759
-0.56117 0.77595
-0.56140 0.77431
-0.56161 0.77267
-0.56180 0.77102
-0.56196 0.76937
-0.56210 0.76772
-0.56222 0.76607
-0.56232 0.76442
-0.56240 0.76276
-0.56246 0.76111
-0.56249 0.75945
-0.56250 0.75779
-0.56249 0.75614
-0.56246 0.75448
-0.56240 0.75282
-0.56233 0.75117
-0.56223 0.74952
-0.56211 0.74786
-0.56196 0.74621
-0.56180 0.74456
-0.56161 0.74292
-0.56141 0.74127
-0.56118 0.73963
-0.56093 0.73800
-0.56065 0.73636
-0.56036 0.73473
-0.56004 0.73311
-0.55970 0.73148
-0.55935 0.72987
-0.55896 0.72825
-0.55856 0.72665
-0.55814 0.72504
nan nan
-0.50000 0.86603
-0.50373 0.86383
-0.50742 0.86157
-0.51107 0.85924
-0.51468 0.85686
-0.51825 0.85441
-0.52178 0.85190
-0.52526 0.84932
-0.52870 0.84669
-0.53209 0.84400
-0.53543 0.84125
-0.53873 0.83845
-0.54197 0.83558
-0.54517 0.83266
-0.54832 0.82969
-0.55141 0.82666
-0.55445 0.82358
-0.55744 0.82045
-0.56037 0.81727
-0.56324 0.81403
-0.56606 0.81075
-0.56883 0.80741
-0.57153 0.80403
-0.57418 0.80061
-0.57676 0.79714
-0.57929 0.79362
-0.58175 0.79006
-0.58416 0.78646
-0.58650 0.78282
-0.58877 0.77914
-0.59098 0.77542
-0.59313 0.77166
-0.59521 0.76787
-0.59723 0.76404
-0.59918 0.76017
-0.60106 0.75627
-0.60288 0.75234
-0.60462 0.74838
-0.60630 0.74439
-0.60791 0.74037
-0.60945 0.73633
-0.61091 0.73225
-0.61231 0.72816
-0.61364 0.72404
-0.61489 0.71989
-0.61607 0.71573
-0.61718 0.71155
-0.61822 0.70734
-0.61919 0.70312
-0.62008 0.69889
-0.62089 0.69464
-0.62164 0.69037
-0.62231 0.68610
-0.62291 0.68181
-0.62343 0.67751
-0.62388 0.67321
-0.62425 0.66889
-0.62455 0.66458
-0.62477 0.66025
-0.62492 0.65593
-0.62499 0.65160
-0.62499 0.64727
-0.62491 0.64294
-0.62476 0.63862
-0.62454 0.63429
-0.62423 0.62998
-0.62386 0.62566
-0.62341 0.62136
-0.62288 0.61706
-0.62229 0.61278
-0.62161 0.60850
-0.62086 0.60424
-0.62004 0.59999
-0.61915 0.59575
-0.61818 0.59153
-0.61714 0.58733
-0.61603 0.58315
-0.61484 0.57898
-0.61359 0.57484
-0.61226 0.57072
-0.61086 0.56663
-0.60939 0.56255
-0.60785 0.55851
-0.60624 0.55449
-0.60456 0.55050
-0.60281 0.54654
-0.60099 0.54261
-0.59911 0.53872
-0.59715 0.53485
-0.59513 0.53103
-0.59305 0.52723
-0.59090 0.52347
-0.58869 0.51976
-0.58641 0.51608
-0.58406 0.51243
-0.58166 0.50884
-0.57919 0.50528
-0.57667 0.50177
-0.57408 0.49830
-0.57143 0.49487
nan nan
-0.50000 0.86603
-0.50757 0.86153
-0.51504 0.85687
-0.52239 0.85202
-0.52963 0.84701
-0.53675 0.84183
-0.54374 0.83648
-0.55061 0.83097
-0.55734 0.82530
-0.56394 0.81948
-0.57040 0.81350
-0.57672 0.80737
-0.58290 0.80109
-0.58892 0.79467
-0.59480 0.78811
-0.60051 0.78142
-0.60607 0.77459
-0.61147 0.76763
-0.61670 0.76055
-0.62176 0.75335
-0.62666 0.74603
-0.63138 0.73860
-0.63592 0.73106
-0.64029 0.72342
-0.64448 0.71567
-0.64848 0.70783
-0.65230 0.69990
-0.65593 0.69188
-0.65937 0.68377
-0.66262 0.67559
-0.66567 0.66733
-0.66854 0.65901
-0.67120 0.65062
-0.67367 0.64217
-0.67594 0.63366
-0.67801 0.62510
-0.67988 0.61650
-0.68154 0.60785
-0.68300 0.59917
-0.68426 0.59046
-0.68531 0.58172
-0.68616 0.57295
-0.68680 0.56417
-0.68723 0.55538
-0.68746 0.54658
-0.68748 0.53777
-0.68730 0.52897
-0.68691 0.52018
-0.68631 0.51139
-0.68550 0.50263
-0.68449 0.49388
-0.68328 0.48516
-0.68186 0.47647
-0.68024 0.46782
-0.67841 0.45921
-0.67638 0.45064
-0.67416 0.44212
-0.67173 0.43366
-0.66910 0.42525
-0.66628 0.41692
-0.66327 0.40864
-0.66006 0.40045
-0.65665 0.39233
-0.65306 0.38429
-0.64928 0.37634
-0.64532 0.36847
-0.64117 0.36071
-0.63684 0.35304
-0.63233 0.34548
-0.62765 0.33803
-0.62279 0.33068
-0.61776 0.32346
-0.61256 0.31635
-0.60720 0.30937
-0.60168 0.30252
-0.59599 0.29579
-0.59015 0.28920
-0.58416 0.28276
-0.57801 0.27645
-0.57172 0.27029
-0.56529 0.26428
-0.55872 0.25842
-0.55201 0.25272
-0.54517 0.24718
-0.53820 0.24179
-0.53111 0.23658
-0.52390 0.23153
-0.51657 0.22665
-0.50913 0.22195
-0.50158 0.21742
-0.49392 0.21307
-0.48617 0.20890
-0.47832 0.20492
-0.47037 0.20112
-0.46235 0.19751
-0.45423 0.19408
-0.44604 0.19085
-0.43778 0.18781
-0.42945 0.18497
-0.42105 0.18232
nan nan
-1.00000 0.00000
-0.99999 -0.00166
-0.99996 -0.00331
-0.99990 -0.00497
-0.99982 -0.00662
-0.99973 -0.00828
-0.99960 -0.00993
-0.99946 -0.01158
-0.99930 -0.01323
-0.99911 -0.01487
-0.99890 -0.01652
-0.99867 -0.01816
-0.99842 -0.01980
-0.99815 -0.02143
-0.99785 -0.02306
-0.99754 -0.02469
-0.99720 -0.02631
-0.99684 -0.02793
-0.99646 -0.02954
-0.99606 -0.03115
-0.99563 -0.03275
-0.99519 -0.03434
-0.99472 -0.03593
-0.99424 -0.03752
-0.99373 -0.03909
-0.99320 -0.04066
-0.99265 -0.04223
-0.99208 -0.04378
-0.99149 -0.04533
-0.99088 -0.04687
-0.99025 -0.04840
-0.98960 -0.04992
-0.98893 -0.05144
-0.98823 -0.05294
-0.98752 -0.05444
-0.98679 -0.05593
-0.98604 -0.05740
-0.98527 -0.05887
-0.98448 -0.06033
-0.98367 -0.06177
-0.98284 -0.06321
-0.98199 -0.06463
-0.98113 -0.06604
-0.98024 -0.06744
-0.97934 -0.06883
-0.97842 -0.07021
-0.97748 -0.07157
-0.97652 -0.07293
-0.97555 -0.07427
-0.97455 -0.07559
-0.97354 -0.07690
-0.97252 -0.07820
-0.97147 -0.07949
-0.97041 -0.08076
-0.96933 -0.08202
-0.96823 -0.08326
-0.96712 -0.08449
-0.96599 -0.08570
-0.96485 -0.08690
-0.96369 -0.08808
-0.96252 -0.08925
-0.96133 -0.09040
-0.96012 -0.09154
-0.95890 -0.09266
-0.95766 -0.09376
-0.95641 -0.09485
-0.95515 -0.09592
-0.95387 -0.09698
-0.95258 -0.09801
-0.95127 -0.09903
-0.94995 -0.10003
-0.94862 -0.10102
-0.94728 -0.10199
-0.94592 -0.10293
-0.94455 -0.10387
-0.94317 -0.10478
-0.94177 -0.10567
-0.94036 -0.10655
-0.93895 -0.10740
-0.93752 -0.10824
-0.93608 -0.10906
-0.93463 -0.10986
-0.93317 -0.11064
-0.93169 -0.11140
-0.93021 -0.11215
-0.92872 -0.11287
-0.92722 -0.11357
-0.92571 -0.11425
-0.92419 -0.11491
-0.92267 -0.11556
-0.92113 -0.11618
-0.91959 -0.11678
-0.91803 -0.11736
-0.91648 -0.11792
-0.91491 -0.11846
-0.91334 -0.11898
-0.91175 -0.11947
-0.91017 -0.11995
-0.90858 -0.12041
-0.90698 -0.12084
nan nan
-1.00000 0.00000
-0.99996 -0.00433
-0.99985 -0.00866
-0.99966 -0.01298
-0.99940 -0.01730
-0.99906 -0.02162
-0.99865 -0.02593
-0.99817 -0.03023
-0.99761 -0.03452
-0.99697 -0.03880
-0.99626 -0.04307
-0.99548 -0.04733
-0.99462 -0.05157
-0.99369 -0.05580
-0.99269 -0.06001
-0.99162 -0.06420
-0.99047 -0.06838
-0.98925 -0.07253
-0.98796 -0.07666
-0.98659 -0.08077
-0.98516 -0.08485
-0.98366 -0.08891
-0.98208 -0.09294
-0.98044 -0.09695
-0.97872 -0.10092
-0.97694 -0.10487
-0.97509 -0.10878
-0.97318 -0.11266
-0.97119 -0.11651
-0.96914 -0.12032
-0.96702 -0.12410
-0.96484 -0.12784
-0.96260 -0.13154
-0.96029 -0.13520
-0.95792 -0.13882
-0.95548 -0.14240
-0.95299 -0.14593
-0.95043 -0.14943
-0.94781 -0.15287
-0.94513 -0.15628
-0.94240 -0.15963
-0.93961 -0.16294
-0.93676 -0.16620
-0.93385 -0.16941
-0.93089 -0.17256
-0.92788 -0.17567
-0.92481 -0.17872
-0.92169 -0.18172
-0.91852 -0.18467
-0.91529 -0.18756
-0.91202 -0.19039
-0.90870 -0.19317
-0.90533 -0.19589
-0.90192 -0.19855
-0.89846 -0.20115
-0.89495 -0.20369
-0.89140 -0.20617
-0.88781 -0.20858
-0.88418 -0.21094
-0.88051 -0.21323
-0.87680 -0.21546
-0.87305 -0.21762
-0.86926 -0.21972
-0.86544 -0.22175
-0.86158 -0.22372
-0.85769 -0.22562
-0.85377 -0.22745
-0.84982 -0.22921
-0.84583 -0.23090
-0.84182 -0.23253
-0.83778 -0.23408
-0.83372 -0.23557
-0.82962 -0.23698
-0.82551 -0.23832
-0.82137 -0.23960
-0.81721 -0.24080
-0.81303 -0.24192
-0.80884 -0.24298
-0.80462 -0.24396
-0.80039 -0.24487
-0.79614 -0.24571
-0.79188 -0.24647
-0.78761 -0.24716
-0.78332 -0.24777
-0.77903 -0.24831
-0.77472 -0.24877
-0.77041 -0.24917
-0.76610 -0.24948
-0.76177 -0.24972
-0.75745 -0.24989
-0.75312 -0.24998
-0.74879 -0.25000
-0.74446 -0.24994
-0.74014 -0.24981
-0.73581 -0.24960
-0.73149 -0.24931
-0.72718 -0.24896
-0.72287 -0.24852
-0.71858 -0.24802
-0.71429 -0.24744
nan nan
-1.00000 0.00000
-0.99990 -0.00880
-0.99959 -0.01760
-0.99907 -0.02639
-0.99835 -0.03517
-0.99742 -0.04392
-0.99629 -0.05265
-0.99495 -0.06135
-0.99340 -0.07002
-0.99166 -0.07865
-0.98971 -0.08724
-0.98756 -0.09577
-0.98522 -0.10426
-0.98267 -0.11269
-0.97992 -0.12105
-0.97699 -0.12935
-0.97385 -0.13758
-0.97053 -0.14573
-0.96701 -0.15380
-0.96330 -0.16179
-0.95941 -0.16968
-0.95534 -0.17749
-0.95108 -0.18519
-0.94664 -0.19280
-0.94203 -0.20030
-0.93724 -0.20768
-0.93228 -0.21496
-0.92715 -0.22211
-0.92185 -0.22914
-0.91639 -0.23605
-0.91077 -0.24282
-0.90499 -0.24947
-0.89905 -0.25597
-0.89297 -0.26233
-0.88674 -0.26855
-0.88036 -0.27462
-0.87384 -0.28054
-0.86719 -0.28630
-0.86040 -0.29191
-0.85348 -0.29736
-0.84644 -0.30264
-0.83927 -0.30775
-0.83199 -0.31270
-0.82459 -0.31747
-0.81708 -0.32207
-0.80947 -0.32649
-0.80175 -0.33073
-0.79394 -0.33479
-0.78603 -0.33866
-0.77804 -0.34235
-0.76996 -0.34585
-0.76180 -0.34916
-0.75357 -0.35227
-0.74526 -0.35519
-0.73689 -0.35792
-0.72846 -0.36045
-0.71997 -0.36278
-0.71142 -0.36491
-0.70283 -0.36683
-0.69420 -0.36856
-0.68553 -0.37008
-0.67682 -0.37140
-0.66809 -0.37252
-0.65933 -0.37342
-0.65056 -0.37413
-0.64177 -0.37462
-0.63297 -0.37492
-0.62417 -0.37500
-0.61536 -0.37488
-0.60656 -0.37455
-0.59778 -0.37401
-0.58900 -0.37327
-0.58025 -0.37232
-0.57152 -0.37117
-0.56282 -0.36981
-0.55416 -0.36825
-0.54553 -0.36648
-0.53695 -0.36452
-0.52842 -0.36235
-0.51994 -0.35998
-0.51152 -0.35742
-0.50316 -0.35465
-0.49487 -0.35170
-0.48665 -0.34854
-0.47850 -0.34520
-0.47044 -0.34167
-0.46246 -0.33794
-0.45457 -0.33403
-0.44678 -0.32994
-0.43908 -0.32567
-0.43149 -0.32121
-0.42400 -0.31658
-0.41662 -0.31177
-0.40936 -0.30680
-0.40222 -0.30165
-0.39520 -0.29634
-0.38830 -0.29086
-0.38154 -0.28522
-0.37491 -0.27943
-0.36842 -0.27348
