x y
-0.50000 -0.86603
-0.48614 -0.87374
-0.47203 -0.88101
-0.45771 -0.88783
-0.44317 -0.89419
-0.42844 -0.90009
-0.41353 -0.90551
-0.39846 -0.91046
-0.38324 -0.91493
-0.36788 -0.91892
-0.35240 -0.92241
-0.33682 -0.92542
-0.32116 -0.92792
-0.30542 -0.92993
-0.28962 -0.93144
-0.27379 -0.93245
-0.25793 -0.93295
-0.24207 -0.93295
-0.22621 -0.93245
-0.21038 -0.93144
-0.19458 -0.92993
-0.17884 -0.92792
-0.16318 -0.92542
-0.14760 -0.92241
-0.13212 -0.91892
-0.11676 -0.91493
-0.10154 -0.91046
-0.08647 -0.90551
-0.07156 -0.90009
-0.05683 -0.89419
-0.04229 -0.88783
-0.02797 -0.88101
-0.01386 -0.87374
0.00000 -0.86603
0.01361 -0.85788
0.02696 -0.84930
0.04003 -0.84030
0.05280 -0.83089
0.06528 -0.82109
0.07743 -0.81089
0.08925 -0.80031
0.10074 -0.78936
0.11187 -0.77805
0.12263 -0.76640
0.13302 -0.75441
0.14303 -0.74209
0.15264 -0.72947
0.16184 -0.71654
0.17063 -0.70333
0.17899 -0.68985
0.18692 -0.67611
0.19442 -0.66213
0.20146 -0.64791
0.20805 -0.63348
0.21418 -0.61884
0.21985 -0.60402
0.22504 -0.58903
0.22975 -0.57388
0.23397 -0.55859
0.23771 -0.54317
0.24096 -0.52764
0.24372 -0.51201
0.24598 -0.49631
0.24774 -0.48054
0.24899 -0.46472
0.24975 -0.44888
0.25000 -0.43301
0.24975 -0.41715
0.24899 -0.40130
0.24774 -0.38548
0.24598 -0.36972
0.24372 -0.35401
0.24096 -0.33839
0.23771 -0.32286
0.23397 -0.30744
0.22975 -0.29215
0.22504 -0.27700
0.21985 -0.26200
0.21418 -0.24718
0.20805 -0.23255
0.20146 -0.21812
0.19442 -0.20390
0.18692 -0.18991
0.17899 -0.17617
0.17063 -0.16269
0.16184 -0.14948
0.15264 -0.13656
0.14303 -0.12393
0.13302 -0.11162
0.12263 -0.09963
0.11187 -0.08797
0.10074 -0.07667
0.08925 -0.06572
0.07743 -0.05514
0.06528 -0.04494
0.05280 -0.03513
0.04003 -0.02572
0.02696 -0.01673
0.01361 -0.00815
0.00000 -0.00000
nan nan
0.50000 -0.86603
0.51361 -0.85788
0.52696 -0.84930
0.54003 -0.84030
0.55280 -0.83089
0.56528 -0.82109
0.57743 -0.81089
0.58925 -0.80031
0.60074 -0.78936
0.61187 -0.77805
0.62263 -0.76640
0.63302 -0.75441
0.64303 -0.74209
0.65264 -0.72947
0.66184 -0.71654
0.67063 -0.70333
0.67899 -0.68985
0.68692 -0.67611
0.69442 -0.66213
0.70146 -0.64791
0.70805 -0.63348
0.71418 -0.61884
0.71985 -0.60402
0.72504 -0.58903
0.72975 -0.57388
0.73397 -0.55859
0.73771 -0.54317
0.74096 -0.52764
0.74372 -0.51201
0.74598 -0.49631
0.74774 -0.48054
0.74899 -0.46472
0.74975 -0.44888
0.75000 -0.43301
0.74975 -0.41715
0.74899 -0.40130
0.74774 -0.38548
0.74598 -0.36972
0.74372 -0.35401
0.74096 -0.33839
0.73771 -0.32286
0.73397 -0.30744
0.72975 -0.29215
0.72504 -0.27700
0.71985 -0.26200
0.71418 -0.24718
0.70805 -0.23255
0.70146 -0.21812
0.69442 -0.20390
0.68692 -0.18991
0.67899 -0.17617
0.67063 -0.16269
0.66184 -0.14948
0.65264 -0.13656
0.64303 -0.12393
0.63302 -0.11162
0.62263 -0.09963
0.61187 -0.08797
0.60074 -0.07667
0.58925 -0.06572
0.57743 -0.05514
0.56528 -0.04494
0.55280 -0.03513
0.54003 -0.02572
0.52696 -0.01673
0.51361 -0.00815
0.50000 -0.00000
0.48614 0.00771
0.47203 0.01498
0.45771 0.02180
0.44317 0.02816
0.42844 0.03406
0.41353 0.03949
0.39846 0.04444
0.38324 0.04891
0.36788 0.05289
0.35240 0.05639
0.33682 0.05939
0.32116 0.06190
0.30542 0.06391
0.28962 0.06541
0.27379 0.06642
0.25793 0.06692
0.24207 0.06692
0.22621 0.06642
0.21038 0.06541
0.19458 0.06391
0.17884 0.06190
0.16318 0.05939
0.14760 0.05639
0.13212 0.05289
0.11676 0.04891
0.10154 0.04444
0.08647 0.03949
0.07156 0.03406
0.05683 0.02816
0.04229 0.02180
0.02797 0.01498
0.01386 0.00771
0.00000 0.00000
nan nan
1.00000 -0.00000
0.99975 0.01586
0.99899 0.03171
0.99774 0.04753
0.99598 0.06330
0.99372 0.07900
0.99096 0.09463
0.98771 0.11016
0.98397 0.12557
0.97975 0.14087
0.97504 0.15602
0.96985 0.17101
0.96418 0.18583
0.95805 0.20047
0.95146 0.21490
0.94442 0.22911
0.93692 0.24310
0.92899 0.25684
0.92063 0.27032
0.91184 0.28353
0.90264 0.29645
0.89303 0.30908
0.88302 0.32139
0.87263 0.33338
0.86187 0.34504
0.85074 0.35635
0.83925 0.36730
0.82743 0.37787
0.81528 0.38807
0.80280 0.39788
0.79003 0.40729
0.77696 0.41628
0.76361 0.42486
0.75000 0.43301
0.73614 0.44073
0.72203 0.44800
0.70771 0.45482
0.69317 0.46118
0.67844 0.46707
0.66353 0.47250
0.64846 0.47745
0.63324 0.48192
0.61788 0.48591
0.60240 0.48940
0.58682 0.49240
0.57116 0.49491
0.55542 0.49692
0.53962 0.49843
0.52379 0.49943
0.50793 0.49994
0.49207 0.49994
0.47621 0.49943
0.46038 0.49843
0.44458 0.49692
0.42884 0.49491
0.41318 0.49240
0.39760 0.48940
0.38212 0.48591
0.36676 0.48192
0.35154 0.47745
0.33647 0.47250
0.32156 0.46707
0.30683 0.46118
0.29229 0.45482
0.27797 0.44800
0.26386 0.44073
0.25000 0.43301
0.23639 0.42486
0.22304 0.41628
0.20997 0.40729
0.19720 0.39788
0.18472 0.38807
0.17257 0.37787
0.16075 0.36730
0.14926 0.35635
0.13813 0.34504
0.12737 0.33338
0.11698 0.32139
0.10697 0.30908
0.09736 0.29645
0.08816 0.28353
0.07937 0.27032
0.07101 0.25684
0.06308 0.24310
0.05558 0.22911
0.04854 0.21490
0.04195 0.20047
0.03582 0.18583
0.03015 0.17101
0.02496 0.15602
0.02025 0.14087
0.01603 0.12557
0.01229 0.11016
0.00904 0.09463
0.00628 0.07900
0.00402 0.06330
0.00226 0.04753
0.00101 0.03171
0.00025 0.01586
0.00000 0.00000
nan nan
0.50000 0.86603
0.48614 0.87374
0.47203 0.88101
0.45771 0.88783
0.44317 0.89419
0.42844 0.90009
0.41353 0.90551
0.39846 0.91046
0.38324 0.91493
0.36788 0.91892
0.35240 0.92241
0.33682 0.92542
0.32116 0.92792
0.30542 0.92993
0.28962 0.93144
0.27379 0.93245
0.25793 0.93295
0.24207 0.93295
0.22621 0.93245
0.21038 0.93144
0.19458 0.92993
0.17884 0.92792
0.16318 0.92542
0.14760 0.92241
0.13212 0.91892
0.11676 0.91493
0.10154 0.91046
0.08647 0.90551
0.07156 0.90009
0.05683 0.89419
0.04229 0.88783
0.02797 0.88101
0.01386 0.87374
-0.00000 0.86603
-0.01361 0.85788
-0.02696 0.84930
-0.04003 0.84030
-0.05280 0.83089
-0.06528 0.82109
-0.07743 0.81089
-0.08925 0.80031
-0.10074 0.78936
-0.11187 0.77805
-0.12263 0.76640
-0.13302 0.75441
-0.14303 0.74209
-0.15264 0.72947
-0.16184 0.71654
-0.17063 0.70333
-0.17899 0.68985
-0.18692 0.67611
-0.19442 0.66213
-0.20146 0.64791
-0.20805 0.63348
-0.21418 0.61884
-0.21985 0.60402
-0.22504 0.58903
-0.22975 0.57388
-0.23397 0.55859
-0.23771 0.54317
-0.24096 0.52764
-0.24372 0.51201
-0.24598 0.49631
-0.24774 0.48054
-0.24899 0.46472
-0.24975 0.44888
-0.25000 0.43301
-0.24975 0.41715
-0.24899 0.40130
-0.24774 0.38548
-0.24598 0.36972
-0.24372 0.35401
-0.24096 0.33839
-0.23771 0.32286
-0.23397 0.30744
-0.22975 0.29215
-0.22504 0.27700
-0.21985 0.26200
-0.21418 0.24718
-0.20805 0.23255
-0.20146 0.21812
-0.19442 0.20390
-0.18692 0.18991
-0.17899 0.17617
-0.17063 0.16269
-0.16184 0.14948
-0.15264 0.13656
-0.14303 0.12393
-0.13302 0.11162
-0.12263 0.09963
-0.11187 0.08797
-0.10074 0.07667
-0.08925 0.06572
-0.07743 0.05514
-0.06528 0.04494
-0.05280 0.03513
-0.04003 0.02572
-0.02696 0.01673
-0.01361 0.00815
-0.00000 0.00000
nan nan
-0.50000 0.86603
-0.51361 0.85788
-0.52696 0.84930
-0.54003 0.84030
-0.55280 0.83089
-0.56528 0.82109
-0.57743 0.81089
-0.58925 0.80031
-0.60074 0.78936
-0.61187 0.77805
-0.62263 0.76640
-0.63302 0.75441
-0.64303 0.74209
-0.65264 0.72947
-0.66184 0.71654
-0.67063 0.70333
-0.67899 0.68985
-0.68692 0.67611
-0.69442 0.66213
-0.70146 0.64791
-0.70805 0.63348
-0.71418 0.61884
-0.71985 0.60402
-0.72504 0.58903
-0.72975 0.57388
-0.73397 0.55859
-0.73771 0.54317
-0.74096 0.52764
-0.74372 0.51201
-0.74598 0.49631
-0.74774 0.48054
-0.74899 0.46472
-0.74975 0.44888
-0.75000 0.43301
-0.74975 0.41715
-0.74899 0.40130
-0.74774 0.38548
-0.74598 0.36972
-0.74372 0.35401
-0.74096 0.33839
-0.73771 0.32286
-0.73397 0.30744
-0.72975 0.29215
-0.72504 0.27700
-0.71985 0.26200
-0.71418 0.24718
-0.70805 0.23255
-0.70146 0.21812
-0.69442 0.20390
-0.68692 0.18991
-0.67899 0.17617
-0.67063 0.16269
-0.66184 0.14948
-0.65264 0.13656
-0.64303 0.12393
-0.63302 0.11162
-0.62263 0.09963
-0.61187 0.08797
-0.60074 0.07667
-0.58925 0.06572
-0.57743 0.05514
-0.56528 0.04494
-0.55280 0.03513
-0.54003 0.02572
-0.52696 0.01673
-0.51361 0.00815
-0.50000 0.00000
-0.48614 -0.00771
-0.47203 -0.01498
-0.45771 -0.02180
-0.44317 -0.02816
-0.42844 -0.03406
-0.41353 -0.03949
-0.39846 -0.04444
-0.38324 -0.04891
-0.36788 -0.05289
-0.35240 -0.05639
-0.33682 -0.05939
-0.32116 -0.06190
-0.30542 -0.06391
-0.28962 -0.06541
-0.27379 -0.06642
-0.25793 -0.06692
-0.24207 -0.06692
-0.22621 -0.06642
-0.21038 -0.06541
-0.19458 -0.06391
-0.17884 -0.06190
-0.16318 -0.05939
-0.14760 -0.05639
-0.13212 -0.05289
-0.11676 -0.04891
-0.10154 -0.04444
-0.08647 -0.03949
-0.07156 -0.03406
-0.05683 -0.02816
-0.04229 -0.02180
-0.02797 -0.01498
-0.01386 -0.00771
-0.00000 -0.00000
nan nan
-1.00000 0.00000
-0.99975 -0.01586
-0.99899 -0.03171
-0.99774 -0.04753
-0.99598 -0.06330
-0.99372 -0.07900
-0.99096 -0.09463
-0.98771 -0.11016
-0.98397 -0.12557
-0.97975 -0.14087
-0.97504 -0.15602
-0.96985 -0.17101
-0.96418 -0.18583
-0.95805 -0.20047
-0.95146 -0.21490
-0.94442 -0.22911
-0.93692 -0.24310
-0.92899 -0.25684
-0.92063 -0.27032
-0.91184 -0.28353
-0.90264 -0.29645
-0.89303 -0.30908
-0.88302 -0.32139
-0.87263 -0.33338
-0.86187 -0.34504
-0.85074 -0.35635
-0.83925 -0.36730
-0.82743 -0.37787
-0.81528 -0.38807
-0.80280 -0.39788
-0.79003 -0.40729
-0.77696 -0.41628
-0.76361 -0.42486
-0.75000 -0.43301
-0.73614 -0.44073
-0.72203 -0.44800
-0.70771 -0.45482
-0.69317 -0.46118
-0.67844 -0.46707
-0.66353 -0.47250
-0.64846 -0.47745
-0.63324 -0.48192
-0.61788 -0.48591
-0.60240 -0.48940
-0.58682 -0.49240
-0.57116 -0.49491
-0.55542 -0.49692
-0.53962 -0.49843
-0.52379 -0.49943
-0.50793 -0.49994
-0.49207 -0.49994
-0.47621 -0.49943
-0.46038 -0.49843
-0.44458 -0.49692
-0.42884 -0.49491
-0.41318 -0.49240
-0.39760 -0.48940
-0.38212 -0.48591
-0.36676 -0.48192
-0.35154 -0.47745
-0.33647 -0.47250
-0.32156 -0.46707
-0.30683 -0.46118
-0.29229 -0.45482
-0.27797 -0.44800
-0.26386 -0.44073
-0.25000 -0.43301
-0.23639 -0.42486
-0.22304 -0.41628
-0.20997 -0.40729
-0.19720 -0.39788
-0.18472 -0.38807
-0.17257 -0.37787
-0.16075 -0.36730
-0.14926 -0.35635
-0.13813 -0.34504
-0.12737 -0.33338
-0.11698 -0.32139
-0.10697 -0.30908
-0.09736 -0.29645
-0.08816 -0.28353
-0.07937 -0.27032
-0.07101 -0.25684
-0.06308 -0.24310
-0.05558 -0.22911
-0.04854 -0.21490
-0.04195 -0.20047
-0.03582 -0.18583
-0.03015 -0.17101
-0.02496 -0.15602
-0.02025 -0.14087
-0.01603 -0.12557
-0.01229 -0.11016
-0.00904 -0.09463
-0.00628 -0.07900
-0.00402 -0.06330
-0.00226 -0.04753
-0.00101 -0.03171
-0.00025 -0.01586
-0.00000 -0.00000
